60.2	14.5	392	1	512	x
56.4	19.5	392	1	1024	x
53.2	44.8	392	1	2048	x
52.8	68.5	392	1	4096	x
57	26.7	392	2	1024	x
51.4	65.1	392	2	4096	x
136.7	47.3	392	8	64	x
90.5	48.7	392	8	128	x
76.9	51.9	392	8	256	x
68.9	55.1	392	8	512	x
63.2	68.1	392	8	1024	x
56.2	91.2	392	8	2048	x
55.1	96.1	392	8	4096	x
148.9	81.3	392	16	64	x
107.7	83.6	392	16	128	x
90.6	90.1	392	16	256	x
77.4	92.1	392	16	512	x
65.4	96.2	392	16	1024	x
56.7	111.6	392	16	2048	x
55.9	122.5	392	16	4096	x
148.9	81.3	392	4	64	x
107.7	83.6	392	4	128	x
90.6	90.1	392	4	256	x
77.4	92.1	392	4	512	x
65.4	96.2	392	4	1024	x
56.7	111.6	392	4	2048	x
55.9	122.5	392	4	4096	x
