512,512,512,512,32
409.6543905079516 94.1588000000002 19.177533333333262 19.045233333333766 10.335923809523713 9.229857142857387 7.799352380951989 65.58790000000012 
406.88597937427073 96.3291761904761 15.727628571428813 15.629680952380848 6.422471428570983 6.10539047619031 4.455257142857295 48.34042857142825 
406.83477392872703 96.90038571428578 12.09752380952431 11.883576190476154 2.7028142857144086 1.8759666666670023 0.8925571428574629 29.452438095239334 
410.17832893120396 94.82041428571414 17.16268571428572 17.073304761905163 7.704857142857284 6.739238095237791 5.581147619047486 54.261233333333436 
406.12082928793444 96.75928571428591 11.157271428571317 10.896071428571183 2.145604761904906 1.0086857142854222 0.260590476190988 25.468223809523817 
410.2210422758311 95.17081904761963 11.868014285714768 11.587457142856909 2.575676190475895 1.544152380952437 0.8678047619043181 28.443104761904326 
412.04299851166525 94.42539523809518 16.946576190476133 16.873671428571228 7.004909523809796 6.653395238095566 5.543942857142749 53.02249523809547 
411.13037355710264 94.8440952380952 13.25998095238063 13.078109523809637 3.905619047618945 3.1296523809521855 2.135785714285642 35.509147619047035 
407.20352800726374 95.3461476190476 16.790452380952843 16.7037952380953 8.287357142857426 7.810819047619346 6.4438714285711844 56.036295238096095 
409.7528335612483 95.05599523809556 14.752819047619015 14.60601428571447 5.38766190476225 4.862123809523784 3.637890476190192 43.24650952380971 
512,512,512,512,64
406.3625247643798 96.66274761904755 11.719228571428262 11.51216190476213 2.289190476190353 1.3309523809525194 0.7015999999998236 27.55313333333309 
410.89725473181323 95.7860285714287 11.978876190475992 11.810999999999972 2.6051619047616743 1.7678857142856854 0.7905095238091322 28.953433333332455 
409.1160336769496 96.14117619047624 11.76529047619075 11.581880952380587 2.2814809523814064 1.3302285714285973 0.5668380952380435 27.525719047619386 
416.8486813069747 94.3038714285711 11.844528571428237 11.652476190476227 2.495323809523879 3.244638095238458 3.0095142857141104 32.24648095238091 
408.21497434734226 95.31085238095221 11.929880952381358 11.778461904761796 3.459676190476204 2.4382857142855454 1.331823809523554 30.938128571428457 
407.87341139427747 95.87374285714269 11.568995238095487 11.361538095238142 2.4859142857148635 1.4877571428570913 0.7534761904762577 27.65768095238184 
409.0271181322788 95.09513333333354 12.723071428571279 12.56727142857138 4.04003809523811 3.0919285714285207 1.587195238095124 34.00950476190442 
405.8776321088352 95.15317142857131 12.883785714285738 12.730638095238465 4.383438095238307 3.588976190476214 2.492795238095468 36.07963333333419 
414.9830844716274 95.22195238095254 11.377242857142708 11.143480952380473 2.074971428571475 2.038057142857291 1.3210523809522177 27.954804761904164 
411.6796567695552 95.94049047619046 11.19771428571448 10.994928571428577 2.0953380952382714 2.377247619047332 0.31228571428554935 26.97751428571421 
512,512,512,512,128
404.466039888337 97.86449047619031 11.781619047619046 11.613900000000198 2.2068523809519927 1.3274904761905504 0.6478428571427988 27.577704761904588 
411.18721113757664 95.12200952380942 11.836538095238055 11.622833333333325 2.5396000000002545 1.5960571428572403 0.6856619047622232 28.2806904761911 
407.1044486131592 94.9472095238096 12.132357142857014 11.958652380952584 3.423847619047367 2.656219047619206 1.7608047619045204 31.93188095238069 
405.5150207476265 96.68869523809508 11.328223809523774 11.155738095238172 2.274619047619247 1.3769571428574896 0.6484095238096329 26.783947619048316 
407.125606794738 96.47917619047597 11.318619047618977 11.05520952380984 2.0758238095239774 1.1806333333331471 0.3249047619045173 25.95519047619046 
409.2889190574782 95.69011904761946 11.22916190476173 10.9992619047621 2.257047619047877 1.3109333333334645 0.6814190476190907 26.477823809524267 
407.1410158792343 95.674957142857 12.31509523809542 12.139414285714434 3.2886047619047445 2.3069857142858208 1.2889142857142792 31.3390142857147 
406.2292751156911 97.2095428571432 12.658314285714022 12.47657619047601 2.5746904761903093 1.5502666666669982 0.7821428571428745 30.041990476190215 
408.80813283259846 95.73709523809548 11.553776190476302 11.377761904761618 2.875657142857294 1.8398714285715825 0.5630095238098182 28.210076190476613 
405.95223387057916 95.86038571428564 12.599947619047816 12.440752380952507 3.806290476190926 2.9038190476187515 1.3306952380954802 33.08150476190548 
512,512,512,512,256
412.99967756108634 95.7188047619046 12.612766666666618 12.443919047618744 3.560766666667076 2.4093000000001275 5.748728571428451 36.77548095238102 
408.0073720862894 95.14207142857124 12.673609523809397 12.51747619047613 3.98634761904754 3.0042523809521904 1.523657142856904 33.70534285714216 
409.3048827487762 95.50400000000037 11.44970476190491 11.191814285714454 2.2957952380947972 1.402857142857084 0.7586809523806074 27.09885238095185 
404.3998373040104 96.19905263157897 14.656177033492613 14.551267942583298 4.718043062200852 3.7047751196166274 2.721574162678996 40.35183732057239 
405.36329940525604 97.42677142857178 12.653919047618512 12.520871428571974 3.540747619046808 1.5652333333333532 8.274276190476511 38.55504761904716 
415.259975979992 94.79861428571424 11.18767142857155 10.96143333333329 3.5875761904762404 1.1243333333330936 0.28539523809550227 27.146409523809677 
407.5045372510342 94.56253333333325 12.684304761904595 12.536161904761979 4.225709523809703 3.3992904761907474 1.8672047619045251 34.712671428571554 
409.749932881661 95.15629999999973 11.5720523809523 11.34064761904781 2.431242857142847 1.5869333333332005 0.7615999999999898 27.692476190476146 
409.4088276149538 94.73704285714258 12.462980952381033 12.28656666666665 3.777590476190346 3.1849047619047184 1.9574476190480103 33.66949047619076 
407.29646731876323 95.46230476190509 12.0178904761905 11.79814285714274 3.3804857142854807 2.405676190476342 1.6073904761902496 31.20958571428531 
512,512,512,512,512
407.28537061543216 96.01410952380954 12.044709523809486 11.900180952380435 2.7831333333332404 1.7623333333333167 0.7909714285710617 29.281328571427537 
414.9043873908643 94.80424285714284 12.467195238095242 12.314980952381129 2.9624476190476257 2.658595238095534 0.44651428571449375 30.849733333334022 
409.3152497850955 95.06079523809501 11.675390476190486 11.457166666666915 2.7005666666666435 1.7666857142852503 0.9003619047618399 28.500171428571132 
410.98451819637165 94.55743809523813 12.42197142857102 12.289533333333939 3.2997238095237185 2.3345380952380808 1.2183857142855794 31.564152380952336 
407.06610153790297 96.06783333333384 11.655285714285215 11.473604761904408 2.3549809523808585 1.3052333333329789 2.5462904761907077 29.335395238094172 
412.5144207094888 95.15417142857129 11.403280952381083 11.198471428571757 2.2372714285715554 1.5109476190477358 4.517652380952357 30.86762380952449 
407.0248055618474 97.21211428571428 11.228209523809502 11.04083333333306 2.208333333333247 1.3321666666664116 0.41907142857145074 26.228614285713668 
408.5737144991649 94.69711428571388 12.927219047619188 12.781676190476235 4.341433333333494 3.497333333333275 2.152547619047289 35.700209523809484 
409.2884854319351 95.97893809523794 12.488519047619532 12.329219047619162 2.8637999999998316 1.9211095238095108 5.965128571428414 35.56777619047645 
409.6080225913776 95.02161428571415 12.693904761904923 12.540019047619248 3.6106857142850504 2.6740333333331883 1.3294619047618264 32.84810476190424 
512,512,512,32,512
410.27338040297064 95.37905714285709 11.748647619047707 11.506261904762036 2.58038571428572 1.6614523809525485 1.2324809523809346 28.729228571428948 
407.0065905812915 95.89295714285738 11.38755714285698 11.168661904761983 2.4972761904762244 1.6718238095237514 1.0821190476187657 27.807438095237703 
407.8746362429611 94.8090190476194 11.262952380952369 11.0521952380952 2.3977761904763093 1.6867095238094667 1.2727190476191026 27.672352380952447 
410.57117323695684 95.43320000000026 11.647061904761497 11.48423809523847 2.3337333333330337 1.3254523809524559 1.1932333333331329 27.98371904761859 
408.72346559680807 95.05629523809522 12.285204761904867 12.129128571428547 3.7531047619049094 2.80975238095241 1.1157476190475184 32.09293809523825 
409.2822616993883 95.9463904761902 11.682609523809463 11.501457142856903 2.4257857142859955 1.4129000000000642 1.2173666666669825 28.240119047619412 
409.8311021015582 95.29731428571439 12.392928571428119 12.247723809523501 2.9744142857141664 2.0460619047617783 1.2264523809521917 30.88758095237976 
410.37945018914854 95.87133333333287 11.95020000000018 11.756009523809327 2.503099999999696 1.4575142857140668 1.1974904761903633 28.864314285713633 
410.4102757044503 94.90704761904756 12.569961904761952 12.412642857143025 3.242800000000179 2.510776190476255 1.2026714285710893 31.9388523809525 
409.1802255070916 96.10661904761936 11.698114285714247 11.498699999999804 2.285690476190246 1.3808999999998681 1.3351476190478502 28.198552380952016 
512,512,512,64,512
414.58899153320783 94.80477619047673 11.29240476190441 11.083647619047285 2.7385380952381855 1.7969523809521932 9.759623809524141 36.67116666666622 
407.52626239481845 96.9031047619045 11.841342857142722 11.657009523809272 2.17558571428592 1.4119714285712344 0.8292809523810969 27.915190476190244 
410.5491788735312 95.0943714285713 11.809842857142819 11.590828571428538 2.8110904761905355 1.7222142857141167 0.8277857142855196 28.761761904761528 
410.71641792073314 94.75069047619033 11.637347619047778 11.46622380952436 3.3163142857139367 3.2676714285713215 1.7354999999998524 31.42305714285725 
411.64805504543784 94.70447619047594 11.817766666666614 11.636747619047622 2.4051809523806393 1.4661190476191093 0.8857333333329388 28.211547619046925 
409.10937260774824 95.66268095238135 11.80567619047603 11.59348571428567 2.6273047619044174 1.6641238095236206 1.1442380952382727 28.83482857142801 
416.8927839637883 94.005223809524 11.970509523809199 11.808861904762013 2.58015238095253 5.384180952381298 0.9074000000000177 32.65110476190505 
409.0688614084124 95.56221904761917 11.89186666666643 11.704219047619162 2.606471428571517 1.579047619047335 0.8806095238096445 28.66221428571409 
412.67901743751446 94.79271904761893 11.409233333333031 11.17106190476202 2.266828571428639 1.2265999999995985 0.5184190476195085 26.5921428571428 
416.60851317960606 93.8731571428573 11.560871428572032 11.325828571428358 2.3867428571430493 1.4548476190478616 0.8345190476192719 27.562809523810568 
512,512,512,128,512
410.1666482096859 95.4744047619047 11.779795238095366 11.559519047619013 2.549328571428383 1.7873809523809627 0.9277761904762191 28.603799999999946 
408.3853617244784 95.28795714285728 11.719380952381004 11.538595238095375 2.820004761904905 1.9798952380953172 1.2364238095239195 29.29430000000052 
409.5709251152608 94.51030476190427 12.564657142856941 12.409819047619454 3.9441190476189236 3.1031952380951786 2.138423809524032 34.16021428571453 
410.31490660109193 95.33048571428583 12.037300000000236 11.85172857142849 2.627857142856651 1.6280666666670143 0.8919095238095386 29.036861904761928 
410.95575069046936 95.3745523809524 11.352880952381263 11.128633333333605 2.3039476190477304 1.4414142857145462 0.7161571428569524 26.943033333334096 
408.46853978770554 94.89495238095242 12.46250476190497 12.281804761904763 3.213019047619032 2.3254095238093475 1.9347476190478379 32.21748571428595 
409.72205574164445 94.78843809523825 11.276933333333034 11.08335238095242 2.664195238095046 1.7670142857140274 1.0177714285713937 27.80926666666592 
415.13917084950015 94.74949523809518 11.761704761905015 11.576495238094953 2.523133333333421 1.8954666666664535 3.4738904761902676 31.230690476190112 
407.8909064361961 96.28889047619076 11.132714285714298 10.88376666666672 2.0627333333330515 1.0409238095240567 0.4491619047619246 25.569300000000048 
405.3715708893741 96.61887619047637 11.368433333333607 11.132009523809618 2.2076904761907956 1.3524714285714816 7.728533333333412 33.78913809523891 
512,512,512,256,512
409.242498497129 94.28544285714266 12.210571428571416 12.062123809523802 3.6875904761899054 2.8494333333330446 1.9034380952380334 32.7131571428562 
406.3360770498618 97.25359523809554 11.545480952381123 11.30393809523798 2.2073285714286266 1.260542857143134 0.42776190476149734 26.745052380952355 
409.94401984933495 95.47195238095227 12.10982380952368 11.957204761904462 2.5651571428573376 1.571185714285665 0.6432761904765184 28.846647619047666 
409.2156485423644 95.3655000000006 12.252090476190105 12.059661904761638 2.9996714285717427 2.074766666666602 0.8073333333334761 30.193523809523565 
408.25080440853094 96.11747142857166 11.697457142857578 11.533776190476297 3.016395238095737 1.2905142857143281 0.3820809523811823 27.920223809525123 
409.2595410956757 94.65847142857167 12.19384761904737 12.026323809523785 3.1289428571429676 2.2510142857143016 1.533123809524044 31.13325238095247 
413.466737484575 95.23881904761927 11.577261904761846 11.38339999999958 2.2017142857142713 2.0993761904761152 6.776480952381202 34.03823333333301 
403.3213425239796 96.26375238095216 13.946333333333452 13.823761904761843 4.1004904761904895 2.9176285714285424 1.9310666666663434 36.71928095238067 
408.083653370265 95.83825238095267 11.672319047619022 11.466747619047375 2.375061904761779 1.3402285714281572 0.5490714285712913 27.40342857142762 
409.21058216813424 94.62409047619073 12.043819047618845 11.886285714285536 3.459323809523734 2.7400619047620283 1.8070761904760384 31.936566666666184 
512,512,512,512,512
409.3866920937017 95.72063809523804 11.679671428571064 11.498176190476078 2.6969380952382163 1.7354476190475474 0.6498095238093811 28.260042857142288 
410.66035688530536 94.80997142857152 12.21109523809535 12.02474761904788 3.1020047619045465 2.2747619047617524 1.186509523809634 30.79911904761916 
408.53851165169647 96.08860952380901 12.282099999999662 12.108514285714772 3.1322571428570103 1.5383333333334859 2.830747619047335 31.89195238095227 
414.554793906491 94.46544761904764 11.3283857142854 11.112923809524034 2.571666666666594 1.9005523809522162 0.37109047619037266 27.284619047618616 
409.4801622543365 95.46201428571425 11.593076190476097 11.3779285714287 2.5927857142864794 1.6770285714285342 0.7781142857145217 28.01893333333433 
416.09170717882637 94.63741904761919 11.61283809523813 11.369614285714297 2.2797523809528295 1.2088238095238228 0.5504904761902989 27.02151904761938 
409.6408772335161 95.11239047619046 11.1852619047619 10.934009523809454 2.6517190476188954 1.8944952380954678 0.6609571428568631 27.326442857142577 
408.6661858231103 96.36255238095232 11.844466666666614 11.677771428571317 2.380338095237762 1.2956904761909842 0.42680476190481775 27.625071428571495 
407.2662824963665 94.94712857142892 12.204690476190255 12.03054285714305 2.961909523809334 2.068766666667077 1.0863428571425002 30.352252380952216 
409.4828981507031 94.844804761905 11.947299999999919 11.738319047619058 3.340700000000063 2.542847619047288 1.4679095238096038 31.03707619047593 
512,512,32,512,512
409.0645054808418 95.75630952380969 12.772885714285215 12.655190476190581 3.117204761905114 12.255076190476098 0.9703666666670739 41.770723809524085 
407.5217794388327 95.8215095238095 11.510342857142781 11.275314285714245 2.3711333333332734 12.14279523809514 0.6434666666665656 37.94305238095201 
408.7371272356288 95.82103333333359 11.772866666666614 11.556500000000199 2.611495238095155 11.927985714286011 0.7510047619046375 38.61985238095262 
407.42812501048866 96.72457619047627 11.349909523809766 11.136066666667016 2.248452380952412 11.660466666666322 0.3716142857144448 36.76650952380996 
409.8220366674849 95.63930476190485 11.771542857142776 11.594776190476235 2.4489190476189835 11.927238095238309 0.6557809523810041 38.398257142857304 
415.3212264927035 94.415185714286 11.482309523809574 11.327600000000027 3.9717666666666145 12.065376190476204 0.2953142857139721 39.14236666666639 
406.57455678065276 96.40811428571442 11.58843333333316 11.42053809523845 2.2927714285711684 11.853571428571463 0.7576333333335199 37.91294761904776 
409.0171981216091 95.16304761904787 12.007133333333348 11.828271428571316 3.413623809524125 12.422114285714269 1.1149190476188995 40.78606190476195 
407.8075161281827 96.43991428571458 11.425304761904547 11.171133333333394 2.131976190476122 11.773090476190347 0.547080952381449 37.04858571428586 
410.3064606609567 95.50453809523782 11.696366666666274 11.522966666666633 2.496104761904436 11.883280952381028 0.38710952380989466 37.98582857142827 
512,512,64,512,512
408.20594138383933 96.47886190476169 12.043828571428856 11.89128095238129 2.492552380952873 6.347504761904982 0.7774142857141366 33.55258095238214 
403.9031242181887 97.26813809523803 11.188471428571575 10.987466666666712 2.2619190476190334 5.952804761904797 0.331100000000134 30.721761904762253 
407.9043886659291 95.06352380952379 12.670490476190146 12.537504761904572 3.790242857142255 7.545533333333463 1.7627238095237339 38.30649523809417 
407.31305342706673 96.14575238095242 11.33615238095228 11.093614285714077 2.393409523809411 6.010400000000213 0.3249666666669024 31.158542857142884 
405.35423723846026 96.6042285714286 11.24149999999988 11.009023809523395 2.141495238095463 6.014023809523479 0.5364714285714789 30.942514285713692 
407.3770594349771 96.19736666666621 12.495761904762306 12.34463333333333 3.226419047619233 6.984095238094995 6.386976190476309 41.437885714286175 
404.1335474592045 97.6750333333335 11.1912238095241 10.99669999999976 2.187909523808949 6.016433333333528 0.21100952380993043 30.603276190476265 
406.74185064257057 96.00556666666654 12.755014285714319 12.60131428571426 3.1310904761904523 6.75998095238115 0.9988761904759789 36.24627619047615 
406.4706758044822 96.52775714285713 11.528823809523722 11.299119047618781 2.889990476190291 6.235319047618655 0.42748095238102474 32.38073333333247 
406.1844493000648 96.1622285714285 11.63773333333345 11.441309523809364 2.8584428571427063 6.815785714285345 0.8291238095237662 33.582395238094634 
512,512,128,512,512
413.45276117186677 95.2760190476187 11.56228571428574 11.3820666666666 2.680304761904959 4.487623809524026 0.4399904761904292 30.552271428571757 
403.4661693669078 95.73193333333332 12.599128571428775 12.454142857142939 4.517085714285522 5.912576190476293 2.189661904761739 37.67259523809527 
405.3772441215475 96.63857416267965 11.504899521531001 11.297334928229473 2.1919521531099364 3.4066172248800877 0.6025358851674307 29.00333971291793 
406.211819537309 96.96385238095222 11.55066190476159 11.32634285714313 2.2036571428570735 3.4307904761900967 0.5335761904767423 29.045028571428638 
407.21134991389346 96.01939523809489 11.736866666666849 11.536752380952297 2.4569809523809716 3.3997190476188344 0.4409952380951706 29.57131428571412 
407.28347691180574 95.45744761904818 12.668133333333095 12.477047619047516 3.4709285714287814 4.740957142856739 1.5556000000001535 34.91266666666629 
407.9398547975036 95.03030476190457 11.780114285713976 11.610138095237648 3.036833333333059 4.398814285714443 1.4161380952377796 32.24203809523691 
408.129158942515 95.4813000000001 11.343900000000144 11.108714285714345 2.254166666666667 3.497028571428278 0.45172857142831724 28.655538095237752 
404.64821490034603 95.98063333333322 12.8527809523806 12.727990476190097 3.5436666666661387 4.753219047619201 1.8389095238093431 35.71656666666538 
407.8626227970245 95.45909999999984 12.015842857142863 11.849690476190343 3.036276190476149 4.198223809523829 0.7740380952379166 31.874071428571096 
512,512,256,512,512
402.8744198537961 98.06254285714309 11.541390476190731 11.37940952380928 2.1468857142858075 2.007190476190555 0.24124761904781086 27.316123809524186 
415.8410869065454 94.77312857142857 11.787976190476044 11.634861904761696 2.733638095238573 4.090176190476199 5.430114285714254 35.676766666666765 
407.6985261903789 96.5562333333338 11.36813333333287 11.168900000000507 2.1435666666664646 1.9686809523805486 0.5070190476189185 27.15629999999931 
404.6673080841128 97.07138571428581 11.565447619047786 11.390390476190737 2.397880952381075 2.183757142857437 0.6280714285716732 28.16554761904871 
398.2262375313449 99.23352857142864 10.908857142857059 10.641242857142892 2.061904761904918 1.8155857142858924 0.2509380952384596 25.678528571429222 
405.74322271024573 96.32036190476195 11.878566666666648 11.666790476190831 2.731080952380563 2.7847476190474914 1.1241142857141573 30.18529999999969 
407.8765446218539 95.77860952380975 11.835442857143061 11.606142857142393 2.663971428571694 2.554738095238142 0.9661666666666514 29.62646190476194 
406.0684290193889 96.34724285714286 12.208861904761909 12.045561904762126 3.302014285714298 3.2052238095237477 0.9711571428571568 31.732819047619234 
407.64042449248996 95.42427619047596 12.925952380952262 12.77944285714345 3.5083809523807714 3.682209523809191 1.8006999999998827 34.69668571428556 
411.0497987550696 95.86539523809499 12.285857142857743 12.15419523809526 2.8428095238094966 3.200433333333127 0.4224619047618208 30.90575714285745 
512,512,512,512,512
404.6113613672275 96.70761428571427 11.838176190476085 11.638185714285854 2.611752380952367 1.8496904761907769 0.9239952380950853 28.861800000000166 
408.6761782516845 95.44970000000008 12.072319047619333 11.863309523809395 3.023304761904728 1.939128571428782 0.727823809524021 29.625885714286262 
405.03777501212363 96.39132380952417 12.020628571428565 11.849504761904731 3.7315904761904677 1.8888428571426283 0.6669428571426362 30.15750952380903 
405.2895907836983 97.0146047619047 11.173533333333658 10.92591428571435 2.046538095238464 0.9707619047618382 0.29229523809534885 25.409042857143657 
409.1009376923213 95.17239523809532 12.159123809523381 11.995252380952262 2.9022523809522163 2.0195809523808705 1.150385714285845 30.22659523809458 
405.1281267118208 96.4697523809525 11.345052380952396 11.151128571428385 2.384399999999559 1.346785714285787 0.6080000000001746 26.835366666666303 
404.69980172432156 96.63985714285712 11.133895238095127 10.93039047619012 2.1840761904758392 1.1681476190478342 0.25797619047608306 25.674485714285 
404.3782357026879 97.07645238095232 11.570733333333347 11.413409523809536 2.1741095238094292 1.1813238095236946 0.5306095238095753 26.87018571428558 
408.562858263361 96.34012380952403 11.894876190476394 11.694590476190605 2.7362619047618257 1.3928999999998875 4.711247619047398 32.42987619047611 
405.53165633028925 96.16396666666655 12.984957142857509 12.846442857142687 3.3411952380948478 2.406590476190554 1.4323761904762553 33.011561904761855 
512,32,512,512,512
402.24637725643527 98.13972380952416 11.329257142856953 11.12683809523821 20.05352857142853 1.6621523809527778 5.792847619047582 49.96462380952405 
405.054796502466 96.02926190476194 11.483552380952565 11.281957142857104 20.346852380952416 2.2581809523808 6.494404761904609 51.86494761904749 
405.70787440386863 95.68959523809531 12.092471428571143 11.912109523809669 20.80490476190474 3.3741666666664103 1.565742857142565 49.749395238094536 
406.4068260959432 95.92921904761891 11.70279047619042 11.53808571428573 20.854104761904594 3.0980571428574226 1.0009714285714706 48.19400952380963 
413.24074182796164 95.1040666666667 11.468861904761763 11.290009523809239 19.89924285714305 3.7335000000000167 0.33746190476186233 46.72907619047592 
407.2319242772463 96.14964761904767 11.437695238095122 11.244571428571518 20.59108571428584 2.565966666666905 0.6000666666672346 46.439385714286615 
407.7544506351852 95.82189047618992 11.659890476190448 11.485857142857189 20.51727142857181 2.5388952380952796 0.34919047619081367 46.551104761905535 
407.5416057149871 95.40085238095216 11.864614285714092 11.664419047618521 20.63671904761901 3.077657142857615 0.9007714285710661 48.14418095238031 
401.8733102430414 97.6619714285716 11.873876190476482 11.682085714285616 20.762904761905123 3.2913666666667614 0.9956571428576613 48.60589047619164 
406.33222195800045 95.41716666666657 12.070714285713985 11.867180952380572 20.88693333333341 2.9946952380950926 0.9751761904757587 48.79469999999881 
512,64,512,512,512
407.74267721523563 95.57889047619044 12.077509523809688 11.883571428571305 11.150576190476603 1.8544666666662255 0.9055238095238262 37.87164761904765 
406.7752304277093 95.7425285714282 12.31911428571423 12.130876190476435 11.92960952380996 2.5084904761901963 1.544004761904372 40.432095238095194 
405.3710253559526 95.90277619047592 12.447342857142646 12.290080952380698 12.090566666666806 2.9294095238093827 1.58690476190445 41.344304761903985 
407.6014786645361 96.70680476190438 11.680638095238534 11.509280952380973 10.530638095237961 1.4592619047618514 0.5805571428575301 35.76037619047685 
404.3399363844046 96.82722857142849 12.513966666666654 12.353504761904853 11.768271428571305 2.4339190476193227 1.0885809523810512 40.15824285714318 
411.12388427053276 95.50656190476197 11.06861428571399 10.808057142856706 11.559999999999993 1.4960571428564609 12.04504761904758 46.97777619047473 
407.30555241864056 95.44223333333306 12.124528571429082 11.93959523809537 11.534704761904765 2.1829428571425695 1.1508619047616993 38.932633333333484 
407.0882009780721 95.2171904761902 11.398047619047636 11.178261904761893 11.56570476190512 2.284719047618793 1.034104761904919 37.460838095238365 
399.5847617995888 98.83765238095216 11.66528095238112 11.490609523809326 10.737171428571536 1.275833333333503 0.5451428571430457 35.71403809523853 
406.6052154142565 95.74265714285744 12.54905714285683 12.392533333333562 11.670014285714137 2.4565380952377813 1.1966380952382591 40.26478095238057 
512,128,512,512,512
410.72366206926506 96.002828571429 11.273219047619257 11.067704761904592 5.932295238095113 1.1873428571427211 7.983904761904653 37.44446666666634 
403.7928349287277 96.71315238095234 11.429219047619023 11.226809523809338 5.88592857142884 1.2444714285714455 0.36606190476193745 30.152490476190582 
406.54486778734315 96.32930952380983 11.811842857142723 11.669819047619205 5.930952380952554 1.4572095238095375 0.8029428571429197 31.67276666666694 
403.3041710738929 97.83146666666707 11.550680952380485 11.369057142856972 5.8070047619047855 1.2585095238098196 0.5928761904759519 30.578128571428014 
407.64518457434644 95.30053333333353 11.833895238095161 11.679666666666854 6.893314285714396 2.2529857142856122 1.029890476190433 33.689752380952456 
403.7197864733189 97.3787095238093 11.3752238095237 11.192019047619084 5.905080952380914 1.1292904761903109 0.5322285714282597 30.133842857142266 
404.3875149486056 96.26319047619015 12.556847619047888 12.374480952380846 6.9993571428571855 2.424085714285944 1.1818714285714773 35.53664285714334 
410.6831145436843 95.55482380952391 11.331485714285927 11.092804761904352 5.838642857142864 1.9651428571428238 3.330271428571255 33.558347619047225 
407.03393791168395 96.06933809523795 11.890576190476263 11.63199047619034 6.042823809523681 1.5145428571427884 0.7128809523806835 31.79281428571376 
413.9396570220841 94.59294761904796 11.43614285714303 11.195790476190503 6.097128571428558 2.947119047619067 2.6377190476189365 34.313900000000096 
512,256,512,512,512
401.82429983488726 97.26913809523799 11.357342857142777 11.117923809523806 3.143538095238546 1.021033333333426 0.5400333333331219 27.17987142857168 
408.3995992277399 96.60939523809556 11.221523809523552 11.022990476190275 3.2082142857145213 1.1560952380950593 4.699147619047844 31.30797142857125 
409.00061506373004 96.43104761904756 11.421847619047323 11.274990476190544 3.233404761904603 1.191742857142994 0.26153333333301515 27.383519047618478 
407.4942581470048 96.3529428571429 11.273752380951814 11.075052380952721 3.1400428571431673 1.1771095238095204 0.235509523809638 26.901466666666863 
407.4641416653029 95.87685238095234 11.48036666666653 11.208728571428496 3.3497714285712434 1.3345857142859001 0.6042714285715018 27.977723809523674 
414.95723872924117 93.99743333333323 11.973642857142979 11.806919047618672 3.9653047619047617 6.140738095238131 3.7584190476192383 37.64502380952378 
405.1738235758568 96.4981000000001 12.230047619047452 12.080071428571527 4.012623809523835 2.2398666666666984 1.152738095237908 31.71534761904742 
404.3913678553614 96.68168571428562 12.981571428571035 12.829261904761925 4.636666666666479 2.464461904761525 1.5505333333333726 34.462495238094334 
411.6339094360005 95.4472190476194 11.467547619047538 11.246038095237946 3.2315619047619077 3.698400000000211 0.23163809523787113 29.87518571428547 
405.00101982465725 96.67067142857145 11.528519047619037 11.339971428571378 3.3741238095238564 1.361171428571314 0.67905714285693 28.282842857142516 
512,512,512,512,512
403.88395666270065 97.32002857142835 11.532976190476326 11.331814285714374 2.1981666666664146 1.291495238095515 0.40074285714269664 26.75519523809532 
413.4614471147553 95.41810952380972 12.776938095238247 12.62848571428594 3.116509523809388 2.481495238095314 3.038938095238492 34.04236666666738 
403.435824629532 97.36762380952365 11.261219047619116 11.00330952380947 2.4065619047621154 1.0784095238096987 0.308171428571846 26.057671428572245 
410.5267821415697 95.87364761904759 11.214504761904859 10.974385714285727 2.3428285714291546 1.7860904761905527 9.563523809523689 35.881333333333984 
406.06650400297417 97.18484761904699 11.655514285714421 11.471628571428925 2.2854619047616107 1.345709523809412 0.5821666666667061 27.340480952381075 
398.5529873738723 98.94740952380987 10.911628571428533 10.692952380952713 2.1319952380953637 1.184200000000246 0.563904761904615 25.484680952381474 
403.86975269699406 97.04646666666707 11.725400000000116 11.480323809524183 2.3970190476187696 1.5285904761900297 0.6852857142856097 27.81661904761871 
405.2967472608395 95.75381428571467 12.261642857142872 12.098180952381188 3.4896714285714205 2.642966666666706 1.4912476190474298 31.983709523809615 
403.8367573540848 96.41284761904723 11.36654285714297 11.166990476190369 2.648752380952248 1.8148952380947907 1.0811000000000648 28.078280952380442 
404.6652263596553 96.0710142857144 12.162757142857021 11.995680952380852 2.8152857142856753 2.0643476190477354 0.9808952380955556 30.01896666666684 
32,512,512,512,512
397.3843876832028 96.85807619047631 79.34061428571437 79.16086666666685 65.8265619047625 47.23064761904762 11.09789523809533 282.6565857142866 
399.5561859086211 95.4028238095237 78.78625238095296 78.60446666666664 65.99578571428545 47.49901428571412 11.664699999999963 282.5502190476191 
398.01971298261714 96.55730476190466 78.98405714285684 78.81176190476221 65.44533809523858 46.70451904761905 10.776014285714353 280.72169047619104 
399.00081087224294 95.43956190476233 79.4188857142856 79.2728142857143 66.33251904761902 47.980385714285845 12.17659523809501 285.18119999999976 
398.03693814488645 96.10514285714255 78.78509523809487 78.61297619047627 65.9118666666671 46.92484761904764 10.974276190476477 281.20906190476234 
397.3807485775191 95.60757142857142 79.56054285714295 79.41450952381007 66.71247142857143 48.09351428571449 12.086033333333432 285.8670714285724 
394.1285726044917 97.38727142857117 80.73721904761922 80.62787142857167 66.832823809524 47.91701428571413 11.863023809524142 287.9779523809531 
397.84376801208475 95.38950476190504 79.25642380952375 79.08704761904781 66.55179047619029 47.98014761904752 12.040523809523837 284.9159333333332 
396.905992694794 96.94455714285697 79.08271428571433 78.92227619047598 65.56788095238124 46.894871428571285 10.835928571428562 281.30367142857136 
397.9023895772199 95.62242380952371 78.55901428571461 78.37063809523852 65.54406666666681 47.0019999999997 11.04644285714253 280.52216190476224 
64,512,512,512,512
411.8213959940234 94.5397714285721 43.76969523809528 43.54643333333321 31.704942857143084 13.517623809523831 0.6332809523810803 133.1719761904765 
405.95230665836954 96.39881428571479 43.74523333333363 43.55276190476224 30.913585714286004 12.770147619047775 0.8008428571429596 131.7825714285726 
409.5882424599371 94.9278285714286 43.254542857142674 43.074890476190575 31.290495238095104 13.261014285714399 0.7485999999999053 131.62954285714264 
407.5547958859408 95.90167142857142 44.24066666666644 44.09819047619007 30.94260000000007 12.757609523809792 0.8863523809521299 132.9254190476185 
409.0387583335774 94.66444761904765 44.62038571428541 44.45442380952346 32.62551904761926 14.576233333333239 1.275309523809275 137.55187142857068 
411.27407047966034 94.58701904761934 44.36849523809507 44.17383809523831 32.316571428571756 14.120728571428584 0.8675285714287644 135.8471619047625 
410.6673891371296 94.96235714285723 44.22598571428555 44.05362857142867 32.04224761904777 13.987185714285719 0.8967904761906192 135.20583809523833 
409.8238082158206 94.54505714285749 44.017828571428915 43.84631904761892 32.073095238094766 14.016466666666764 0.9853952380951211 134.93910476190447 
410.16462460509194 94.60833333333352 44.74732857142874 44.560833333333655 32.94943333333311 14.802447619047339 1.0254523809525078 138.08549523809535 
408.0976775739802 95.93259523809502 43.13541428571412 42.90907619047593 29.75942857142855 11.647728571428559 0.5472095238097522 127.9988571428569 
128,512,512,512,512
408.3301302031768 95.96227619047613 24.08150476190458 23.82219047619027 10.622042857142809 1.3015380952380795 0.34126190476156243 60.168538095237295 
407.15163342954 95.6104095238093 25.029147619047443 24.860328571428422 11.752247619047523 2.0444857142856825 1.2409999999999854 64.92720952380905 
408.9578302280327 94.62322380952374 25.592509523809365 25.40701904761909 12.515019047619024 2.80735238095277 1.7060809523808573 68.0279809523811 
406.6544067524294 96.77717142857138 24.838357142856484 24.598476190475864 11.1593952380949 1.5754380952379938 4.014728571428645 66.18639523809388 
416.85578976168256 93.86909523809497 24.56084761904787 24.36081904761912 12.568742857142812 1.3788190476191673 0.43448095238108225 63.30370952381005 
410.5488859032292 94.55277619047614 24.985199999999722 24.814242857142816 11.96895238095231 2.2002619047619234 0.9727380952379117 64.94139523809469 
408.1182783073213 96.08158095238072 24.792423809523896 24.575719047619177 11.805514285714457 1.7213285714284645 7.745328571428486 70.64031428571448 
410.3680198257049 95.15307619047637 24.60635714285686 24.378809523809746 11.606490476190551 1.6113333333332862 0.745704761904372 62.948695238094814 
416.0895146504405 94.34730476190481 24.645528571428127 24.424519047619018 11.74246190476198 2.7661333333334324 12.698128571428606 76.27677142857117 
408.20988282037933 95.4728714285715 24.514719047619206 24.244476190475844 10.973895238095013 1.412876190475938 0.5805333333332999 61.7264999999993 
256,512,512,512,512
405.94776821725327 96.28176666666619 15.441414285714286 15.24976666666681 2.3786523809523454 1.627266666666297 0.9267952380954133 35.62389523809515 
404.50907086577314 97.14796666666678 15.42564761904782 15.254104761904957 2.435090476190505 1.5400142857142955 0.7222571428574849 35.37711428571506 
407.10226638032884 95.69179999999979 16.04365714285748 15.881661904761616 2.944195238095147 2.451309523809964 1.3809952380951775 38.70181904761938 
405.18497760180355 96.23323333333332 15.644628571428829 15.421095238095292 2.340623809523372 1.4810714285717645 0.5558238095233848 35.44324285714264 
408.5168029611448 95.2066238095236 16.119357142856927 15.984080952380966 3.0210238095239523 2.504957142856923 1.2666333333333786 38.89605238095215 
406.42157446394236 96.56541428571435 15.717738095238712 15.502495238095191 2.187747619047964 1.391052380952481 0.44809523809523116 35.24712857142958 
406.46159354875306 96.51921904761896 15.951590476190454 15.760404761904786 2.4561857142851036 1.8566047619047217 0.9849809523813227 37.00976666666639 
405.5352578325317 96.70555238095216 15.344100000000028 15.099799999999716 2.217676190476639 1.0608380952380685 0.2732380952382733 33.99565238095272 
410.05694718568327 94.6089523809523 16.624799999999837 16.480680952381103 3.7342952380949144 4.201652380952388 2.6476809523810343 43.689109523809286 
407.0834313197653 95.82712857142855 15.40534285714289 15.157085714286119 2.1622999999998727 1.4118142857143885 0.6381904761905476 34.77473333333381 
512,512,512,512,512
405.52968511458215 96.17658571428608 11.99180952380957 11.829657142857105 3.1860809523806632 2.1894809523806975 1.1870476190472323 30.384076190475266 
403.6327906537545 96.77871904761882 11.761219047618821 11.607095238095038 2.918342857142731 1.3921761904759824 0.4547714285714652 28.13360476190404 
407.4244380192121 95.67829999999995 11.87712380952393 11.66530952380949 2.6780809523808697 1.8052047619048521 0.7053857142854603 28.731104761904604 
417.0105847928124 93.74471904761873 12.118966666666875 11.933528571428766 3.0470000000003763 2.9746809523810778 0.707823809523775 30.78200000000087 
406.11103499499154 95.88251428571424 11.900957142856992 11.777414285713876 3.0425571428571163 2.1218571428573343 1.0630619047623657 29.905847619047684 
407.6976231311738 96.26682380952391 12.102723809523637 11.966933333333266 2.5125523809523225 1.6014571428572664 0.7289476190477303 28.912614285714223 
407.76711876351715 96.05553809523805 11.764647619047294 11.5366190476188 2.5533333333334234 1.607814285714076 0.6462095238089768 28.108623809522573 
407.576431802231 96.1799095238093 11.890057142857005 11.728119047619476 2.820414285713958 1.8981190476192882 0.8632666666662339 29.199976190475965 
403.82996089999097 97.19521904761892 11.402428571428356 11.152533333333468 2.2114285714289075 1.360990476190238 0.6454523809523727 26.772833333333345 
405.55872217629025 96.181404761905 12.121628571428335 11.97248571428579 3.321223809524253 2.623961904761901 1.4818904761908231 31.521190476191105 
512,512,512,512,32
158.25280000000038 19.69228333333352 19.943683333333563 20.213350000000112 19.182500000000438 79.03181666666764 
512,512,512,32
160.8031761904767 21.209423809524328 21.417023809523933 16.32882857142845 12.237023809524336 71.19230000000104 
32,512,512,512,512
106.07065000000037 78.09576666666689 78.28425000000013 55.88648333333355 38.84190000000029 7.514783333333738 258.6231833333346 
512,512,512,512,512
104.58766666666658 12.607466666665763 12.673666666665424 3.277499999999297 1.9894499999999729 1.621666666666594 32.16974999999705 
512,512,512,32
160.51693333333304 15.298683333333368 15.385233333332629 9.98630000000024 6.923866666666921 47.59408333333316 
512,512,512,512
161.1710166666661 2.017316666666496 2.0164500000000163 2.1791999999998857 6.9220499999999445 13.135016666666342 
