512,512,512,512,32
416.71406083331806 94.33516666666661 11.703833333333204 11.535433333333215 2.582316666666278 1.3019833333332522 0.6532333333332038 27.77679999999915 
411.182450925318 95.34155000000044 12.102800000000267 11.885266666666332 2.59408333333328 1.8336166666670275 0.9563333333335322 29.372100000000437 
413.518272495687 95.14215000000048 12.951583333333474 12.782283333333362 3.006499999999566 2.3584666666665726 1.721833333333052 32.82066666666603 
412.5890570264138 95.05203333333355 11.252666666666785 11.065066666665977 2.172383333334013 0.6839333333333343 0.19624999999996362 25.37030000000007 
412.86480910906704 95.71574999999986 11.91851666666662 11.77639999999992 2.5253499999998894 1.5339499999998831 1.4042999999998453 29.15851666666616 
412.4394404077713 94.5710000000001 15.048133333333075 15.001783333333332 6.080049999999998 5.469183333333421 3.642949999999958 45.24209999999978 
415.06456678144025 94.8382333333335 12.447449999999844 12.30181666666637 2.866016666666595 1.9538500000001173 4.545800000000236 34.11493333333316 
410.05104320625315 96.62706666666695 12.306449999999252 12.137083333333551 2.6300333333333885 1.8165000000002085 1.3078500000002047 30.1979166666666 
412.73628442015234 95.17728333333343 14.85899999999965 14.721916666666646 5.324750000000252 4.5763999999996186 3.245316666666501 42.72738333333267 
412.0021428154776 94.50118333333316 15.784450000000591 15.739283333332908 6.646250000000146 6.94881666666685 5.891949999999512 51.01075000000001 
512,512,512,512,64
411.73528288783183 95.38818333333276 12.554083333333438 12.451083333332887 2.7664333333333464 1.9163333333339323 1.404716666666597 31.0926500000002 
410.2622826538316 95.70353333333384 12.084583333333224 11.979966666667012 2.575300000000425 1.9699666666667932 1.3671666666666473 29.976983333334104 
411.3548322405151 94.83623333333365 12.340933333333306 12.228716666666635 2.9132500000002133 2.0740666666666585 1.0430000000005748 30.599966666667388 
408.8627788429615 95.57471666666628 12.472083333333103 12.340233333333344 2.640216666666917 2.093366666666346 1.4696333333338771 31.015533333333586 
411.80131862124983 95.72401666666694 11.9835166666664 11.894533333333493 2.683699999999529 1.5662166666664536 1.3156166666668165 29.443583333332693 
409.29151973378833 96.77668333333337 12.765966666666523 12.674116666666487 2.7396166666663095 2.1504000000000207 1.5369166666663658 31.867016666665705 
410.6526367736953 95.51716666666692 11.966283333333498 11.886249999999928 3.645983333333 2.3960833333333844 0.8235000000003008 30.71810000000011 
416.18430147035116 95.10311666666709 12.870649999999598 12.781483333333744 3.0118666666669016 3.183333333333515 6.438100000000062 38.28543333333382 
416.1877921163068 95.01708333333337 11.418783333333582 11.2747333333334 2.7175166666665365 2.28646666666682 5.46661666666702 33.164116666667354 
408.1899617951845 96.4422000000003 11.559999999999915 11.443600000000455 2.8498666666664576 1.0868833333335108 1.0196666666661864 27.960016666666522 
512,512,512,512,128
412.3050026946165 95.57349999999946 12.160333333333437 11.946133333333698 2.4059499999999994 1.821249999999903 1.4249333333333198 29.75860000000036 
417.30211263112824 93.7565000000002 12.442050000000139 12.342700000000574 3.2429333333338337 2.2821500000001227 0.707399999999446 31.017233333334115 
411.1035218351497 94.42046666666664 13.623949999999725 13.531949999999416 4.153416666666454 3.550399999999839 2.767266666666425 37.62698333333186 
411.66404346996535 94.50128333333359 13.039816666666471 12.940066666666947 3.0469166666664025 2.421416666666907 2.259399999999793 33.70761666666652 
408.3821908986219 96.30324999999931 11.42621666666649 11.368483333332794 2.383833333333799 1.2899000000003071 3.4766999999996795 29.945133333333068 
409.7907357784473 95.43189999999973 13.739516666666471 13.662833333332976 4.476800000000245 3.356733333333735 2.0814166666668217 37.317300000000245 
408.0678621195017 96.78665000000063 11.84628333333397 11.728733333333366 2.311283333333146 1.720799999999872 1.252849999999853 28.85995000000021 
409.43836988901285 95.95551666666668 12.127400000000307 11.977566666666766 2.423666666666577 1.6507333333330583 1.339466666666825 29.518833333333536 
413.0935064137974 94.7132166666674 12.6828166666665 12.553683333333113 3.0773166666668357 2.469833333333554 1.6570500000001023 32.440700000000106 
412.45857668643714 94.80484999999996 13.162083333333431 13.079450000000483 3.389899999999943 2.3729500000003707 1.4589833333332838 33.46336666666751 
512,512,512,512,256
414.3410536866569 95.19616666666695 12.464616666666553 12.322183333333488 2.5996666666668413 1.8713666666664115 1.5820166666667015 30.839849999999995 
409.3128573499307 95.49523333333353 12.86263333333336 12.779516666666556 3.382783333333403 2.725166666666822 2.1196833333332807 33.86978333333342 
415.4096724466748 93.96689999999988 11.526366666666581 11.385950000000047 2.456666666666509 1.418833333333229 0.4873499999997269 27.275166666666088 
410.85271766065136 95.49653333333299 12.121366666666715 11.959533333333274 3.1176999999994828 2.4968500000002676 1.698316666666445 31.39376666666619 
417.00292190165163 94.50169999999977 12.646583333333426 12.515433333333446 3.0227166666669896 3.248816666666547 0.7794166666664144 32.21296666666682 
411.9416198879588 95.4327833333335 13.03111666666664 12.94375000000012 2.515533333333406 2.081150000000283 1.344066666666428 31.915616666666875 
414.3908450586726 94.95161666666701 11.91451666666647 11.751983333333374 2.8170333333332866 2.195150000000164 0.9178666666670324 29.596550000000324 
407.7366971304913 96.01200000000009 11.8336499999997 11.637400000000405 2.502249999999731 1.7840333333335365 1.3911333333330427 29.148466666666412 
412.64429731493937 95.36371666666658 11.600583333333027 11.423316666666809 2.465366666666705 1.460183333333407 0.3988333333333382 27.348283333333285 
410.703183451724 94.98240000000024 12.156249999999757 12.004016666666272 3.4287333333332453 3.1369999999999587 1.1619333333334605 31.887933333332693 
512,512,512,512,512
414.4400247963705 94.83453333333311 11.716149999999955 11.60614999999998 2.8296000000000276 1.7910833333332146 0.6437333333333299 28.586716666666508 
411.47815653232135 93.65729999999955 13.703633333333224 13.622866666666292 4.7865333333329545 4.21203333333336 3.5163000000001072 39.841366666665934 
411.1737875318296 95.50923333333319 11.860133333332913 11.731200000000293 2.82779999999954 2.0618166666665276 0.5883333333331999 29.06928333333247 
415.7425142585738 94.43659999999996 12.449349999999747 12.316183333333537 2.8888166666665103 2.074366666667023 0.8361999999998564 30.564916666666672 
417.4347837748008 94.68296666666674 12.327783333333658 12.184266666666433 2.7227999999996126 3.79114999999947 2.9363000000000588 33.96229999999923 
414.5861388020022 94.92386666666687 12.160333333333075 12.043549999999778 3.0087000000000748 2.0883500000002946 3.946933333333436 33.24786666666666 
415.5338331802395 94.27131666666695 12.595516666666178 12.500433333333483 3.2222333333336186 2.4098333333332147 1.5523333333335054 32.28035 
417.0509064482015 94.39606666666646 12.086483333333247 11.990716666666776 3.94459999999987 3.1605666666668792 0.5041999999995823 31.686566666666355 
408.77066081439136 94.99939999999985 12.351533333333343 12.232616666666763 3.443016666667245 2.9649833333331115 2.238633333332655 33.23078333333312 
413.4192203873514 95.22323333333294 11.290066666666522 11.124200000000382 2.168833333333593 1.2430833333331974 0.27460000000034296 26.10078333333404 
512,512,512,32,512
411.91474843066146 94.9071833333334 12.47521666666659 12.363749999999587 2.7831499999997806 2.019249999999859 1.691416666666252 31.33278333333207 
410.5302210470066 94.95858333333271 11.740049999999792 11.674299999999919 3.2052999999999883 2.11868333333332 1.343733333333148 30.082066666666165 
412.5936637131052 95.24591666666629 11.5163166666669 11.381733333333795 2.3580333333336965 1.2649000000002464 1.1839333333331523 27.70491666666779 
412.6053506715105 95.15368333333342 11.562950000000274 11.386500000000584 2.492883333333096 1.7565333333332698 1.7597833333332042 28.95865000000043 
411.6308350564859 94.27298333333343 12.237749999999808 12.097166666666817 3.1407833333329713 2.5797833333331557 1.7985999999999573 31.85408333333271 
411.3460422542178 95.7292833333333 12.103366666666867 11.951349999999971 2.387216666666548 1.6181999999999486 2.3777333333333446 30.437866666666682 
410.54477616459025 93.62038333333373 13.422533333333316 13.287666666666519 4.635433333333215 4.164716666666694 1.5097166666666453 37.020066666666395 
413.1099071892795 94.32550000000019 11.7600000000004 11.583483333333243 2.719350000000304 2.29620000000056 1.731216666666963 30.090250000001472 
411.65932002234723 94.9538 12.959166666666533 12.849500000000202 3.562283333333168 2.7289500000000166 1.7950166666666216 33.89491666666654 
412.69160386645746 94.6550166666663 11.889416666666511 11.72689999999978 3.068066666666588 1.908233333333313 1.3000833333334716 29.892699999999667 
512,512,512,64,512
413.29417831900867 94.49979999999992 12.404266666666445 12.298066666666758 3.229116666667081 1.9576999999999316 1.303766666666949 31.192916666667163 
412.2603449509339 94.35471666666609 11.523799999999634 11.357616666665793 3.0596666666663928 2.308366666666734 1.3159500000000965 29.56539999999865 
412.2176399813143 95.24944999999988 11.652550000000035 11.487866666666742 2.287366666666882 1.4488999999997152 3.504283333333357 30.38096666666673 
412.5530837716162 94.6666499999998 12.707416666666722 12.54601666666634 3.3353500000002896 2.6651333333336877 2.223716666666405 33.47763333333344 
412.8270015926096 94.92048333333285 13.07033333333305 13.015616666666574 3.4150166666666335 2.074416666667154 1.3749833333330874 32.9503666666665 
414.94746376117325 93.96268333333371 11.992249999999755 11.888299999999738 3.087766666666236 2.2981666666668388 1.4944333333333513 30.76091666666592 
409.91618840137755 94.75615000000057 12.613216666666025 12.517849999999756 3.637749999999869 2.7298333333334086 1.935649999999623 33.434299999998686 
410.35290742455015 96.28978333333333 11.69843333333362 11.56944999999984 2.506383333332997 1.5124333333328346 0.7770999999997609 28.06379999999905 
413.7216769889037 93.81566666666657 12.317683333333601 12.186799999999614 3.0945833333332606 2.212466666666478 1.5175999999999477 31.329133333332905 
408.4300649370593 96.49470000000044 11.58620000000028 11.455116666666253 2.5671499999999168 1.5339833333333446 0.7597000000000965 27.902149999999892 
512,512,512,128,512
409.44339944201465 94.68943333333327 13.295149999999921 13.188100000000123 4.42398333333349 4.17400000000016 3.5511166666665304 38.63235000000023 
422.1652057571605 93.44263333333343 13.01720000000023 12.952133333333466 3.6054499999997156 2.6554333333330455 12.786016666666667 45.016233333333126 
415.324972139368 94.13051666666622 12.740033333333486 12.647633333333276 3.310216666666808 2.2711500000003677 1.064116666666329 32.03315000000026 
413.23521984495653 95.56356666666713 12.446216666666745 12.282816666667228 2.573800000000362 1.8500500000003133 1.4265666666662582 30.579450000000904 
417.14632785857066 94.22045000000074 11.773849999999888 11.67558333333315 3.0463166666668258 4.27611666666647 0.9647500000002158 31.73661666666655 
409.5320449244822 95.75718333333423 13.25161666666633 13.103849999999815 3.6455833333332825 2.730133333333894 1.9006500000001325 34.631833333333454 
412.1516397212532 95.55658333333353 11.207416666666601 11.042633333332985 2.3243333333331977 2.1579166666660967 0.3286999999999049 27.060999999998785 
413.3018656324276 95.23561666666728 11.733466666666633 11.592816666666295 3.433899999999873 1.8163500000001174 9.556666666666631 38.13319999999955 
414.5607087949762 94.514066666667 12.547216666666282 12.461766666666579 3.1111500000000283 2.322400000000198 1.124750000000131 31.567283333333215 
413.9395208880616 94.58801666666636 12.532049999999678 12.416249999999613 3.5071333333329675 2.677033333332899 1.9241000000001804 33.05656666666534 
512,512,512,256,512
410.82407427306515 94.82364999999992 11.985966666666839 11.889250000000175 2.4345166666667866 1.6825166666669247 0.867883333333278 28.860133333334005 
408.81990016509917 96.52956666666671 12.806866666666792 12.686383333333408 2.518966666666711 1.7951333333329482 1.5127166666665288 31.32006666666639 
409.80144528259933 95.26653333333378 11.161966666666618 11.038216666666388 2.2767166666667134 1.5744833333331674 0.2621999999999995 26.31358333333289 
406.01836440092404 96.06736666666666 12.154349999999976 12.038666666666844 2.70996666666706 1.9821333333335134 1.270166666665864 30.155283333333262 
410.42163108442963 94.80913333333369 12.225533333333503 12.132983333333504 3.642233333333267 3.082483333333342 2.235433333333458 33.31866666666708 
411.41667071012364 95.3713499999999 12.11826666666681 11.982016666666762 2.1777333333334656 1.6160333333333863 1.1852833333331243 29.079333333333548 
412.5809418230591 94.0349333333331 12.007466666666186 11.900600000000425 3.140350000000217 2.466066666666302 1.2116666666665574 30.726149999999688 
408.9732720922174 95.48628333333308 11.564883333333091 11.390099999999924 2.688583333333615 1.6760999999996784 0.46221666666660893 27.781883333332917 
410.5247466644545 95.38931666666672 12.558083333333586 12.456183333333259 3.885200000000138 2.9187999999995857 1.8641999999998007 33.682466666666365 
412.1656014996735 95.50393333333375 12.161183333333247 11.977699999999702 2.4231166666672532 1.7587999999994282 2.2022166666667546 30.523016666666386 
512,512,512,512,512
412.94014039750834 95.8161000000003 12.061416666666506 11.89790000000024 2.7149000000001857 3.6433999999998075 8.37073333333301 38.688349999999744 
411.9827936393369 95.09873333333309 13.371199999999833 13.345716666666583 3.5032833333329716 2.494449999999597 1.2939833333335629 34.00863333333255 
409.2564741406463 96.42403333333316 13.593466666666489 13.47433333333344 2.8948166666664594 2.095783333333687 1.545600000000377 33.60400000000045 
412.1177517398929 94.7726166666666 12.576366666666399 12.55623333333345 2.7371666666660532 1.9565500000003035 1.422016666666544 31.248333333332745 
409.84384939408426 95.59568333333296 11.763316666666773 11.646783333333223 2.459483333333386 1.7993999999997565 0.4225666666664741 28.09154999999961 
413.3461706172191 94.24403333333302 12.508549999999923 12.361716666666506 3.73661666666679 2.74998333333333 1.992716666666638 33.349583333333186 
407.22633725574167 97.00205000000044 12.419933333333514 12.249549999999665 2.6228333333334377 1.6861833333333076 1.5009999999997186 30.479499999999643 
411.6615176451629 95.04595000000025 11.995900000000498 11.82993333333349 2.6523999999995795 1.779349999999916 1.3574666666669146 29.6150500000004 
407.94597753577625 95.17798333333296 12.734316666666867 12.6055833333335 2.519983333333039 1.765566666666564 1.4290999999994407 31.054549999999413 
413.79527063916794 94.23843333333251 11.049099999999937 10.905283333333985 2.5925499999998767 1.7298999999996036 0.6510499999994863 26.927883333332886 
512,512,32,512,512
410.7499482185567 95.20635000000075 11.725083333332865 11.515733333333143 2.3447666666667524 11.959933333333174 0.3478166666667069 37.89333333333264 
413.84094125796 95.02856666666649 12.249616666667013 12.138783333333048 2.4401500000000547 12.472616666667152 1.3016999999996188 40.60286666666689 
413.7390850264607 94.39991666666671 12.129399999999805 12.003166666666766 3.6481000000004014 12.82578333333319 2.1102166666665045 42.71666666666666 
407.6523251703303 95.75275000000006 12.992433333333429 12.897916666667212 3.1084166666672295 12.157650000000043 1.1961666666669164 42.35258333333483 
410.156071059749 95.23384999999956 12.516599999999562 12.363433333332797 2.8562166666662963 12.182883333332635 1.6283999999998438 41.54753333333113 
412.66588504973714 94.7316000000004 12.722916666666787 12.645416666666824 3.6005333333328964 12.412633333333421 1.1040833333336801 42.485583333333615 
411.4717640201399 95.32966666666685 13.41290000000002 13.217300000000069 3.112799999999697 12.759666666666636 1.585516666666505 44.08818333333293 
412.93851652237316 94.45261666666613 12.407116666666541 12.276933333333545 3.5058666666662854 12.808116666666319 2.089116666666875 43.08714999999956 
411.7643917145947 95.90941666666676 13.220083333333848 13.05625 2.794850000000103 12.588866666666581 1.6020666666662995 43.26211666666683 
409.4527291343908 95.74458333333392 13.417099999999785 13.30073333333324 3.5204166666662178 12.814916666666916 1.4665000000000268 44.51966666666618 
512,512,64,512,512
410.22060989013744 96.45375000000017 12.396766666666492 12.258166666666876 2.241083333333518 6.15946666666708 1.2374166666668922 34.29290000000086 
415.3830387925492 95.04453333333325 11.368000000000029 11.160866666666818 3.0664999999997233 6.202116666666795 0.36216666666641684 32.159649999999786 
411.1258825501156 94.75368333333319 12.055716666667104 11.916033333333326 2.8715166666665635 6.586366666666618 0.610350000000229 34.03998333333384 
410.6192078487561 96.13261666666669 12.844216666666822 12.718316666667125 2.530816666666639 6.263350000000658 1.2223500000006122 35.57905000000185 
412.41690532956727 94.77543333333321 12.914550000000297 12.725316666666792 3.311033333332974 6.823250000000371 1.3343499999996007 37.108500000000035 
411.02583674542166 95.03176666666661 13.091433333333468 12.980550000000282 3.6991166666666686 7.869266666667135 2.3079999999998106 39.94836666666736 
412.5076154800425 95.27226666666611 12.77401666666695 12.606016666666923 2.959066666666513 6.6162166666665145 1.206866666666186 36.16218333333309 
407.03454252643013 96.00008333333335 11.891833333333429 11.829316666667061 2.5437166666663567 6.183650000000125 1.4532500000002984 33.90176666666727 
410.7257806975522 95.56954999999981 12.212616666666387 12.025866666667087 2.5416999999998855 5.9461166666669065 0.4635833333334934 33.18988333333376 
410.5727179374693 93.8504166666667 13.052166666666926 12.955599999999686 4.0903166666668165 8.10708333333326 1.99951666666675 40.204683333333435 
512,512,128,512,512
409.03874202927693 96.0396833333329 12.24293333333359 12.14923333333348 2.7112499999999877 3.395833333332727 0.26353333333354384 30.762783333333335 
410.29690852498953 94.98776666666653 12.398566666666618 12.319583333333927 2.7723833333335883 4.337583333333351 1.8580333333333934 33.68615000000088 
417.7523924454887 94.50331666666675 12.193283333333785 11.994383333333825 2.7698999999996885 3.767999999999908 1.9470166666668471 32.67258333333405 
412.0717235540084 95.28378333333345 12.017000000000431 11.915183333333395 3.006183333332956 4.269500000000274 0.8020499999999325 32.00991666666699 
414.54213083529464 94.74368333333301 11.864400000000083 11.71091666666695 2.2634333333329173 3.3631499999999503 0.1891500000000936 29.391049999999996 
408.66582920204917 96.22643333333278 12.159800000000239 12.071416666666604 2.8209666666660267 3.9098499999993996 1.346999999999995 32.309033333332266 
413.3466708914276 94.48455000000048 12.505416666666376 12.415749999999996 3.438966666666541 4.78814999999989 1.4275333333333038 34.57581666666611 
417.48014343783416 94.55353333333335 11.899599999999555 11.758750000000084 4.158983333333708 4.093416666666599 2.252999999999944 34.163749999999894 
411.8179011201081 94.67703333333324 11.963083333333817 11.839616666666128 2.5908666666668676 4.0939166666665185 1.435566666666576 31.92304999999991 
409.2641199348933 95.59106666666655 13.469200000000335 13.375933333333524 4.105566666667255 5.362883333333169 2.4759333333336446 38.78951666666792 
512,512,256,512,512
411.6213412924553 95.50490000000015 12.49900000000022 12.35098333333323 2.5875499999996463 2.458350000000064 1.2506666666669843 31.146550000000143 
416.57283211690356 93.94851666666652 13.076149999999567 12.97468333333333 3.8637333333335846 4.300199999999737 0.9209666666669364 35.13573333333316 
414.6794234168054 95.32661666666648 12.406350000000446 12.250250000000111 3.0454666666669556 2.6745333333331778 0.3030999999997827 30.679700000000473 
415.0830013934119 95.67296666666677 11.733400000000438 11.637766666666721 2.115383333333921 2.949616666666528 0.20895000000012562 28.645116666667732 
409.05602056171654 96.07906666666614 12.970633333333172 12.849933333333501 3.050699999999961 2.797016666667029 0.6343000000003788 32.30258333333404 
412.7036113009408 94.49618333333378 11.856233333333815 11.70036666666668 2.5926166666667996 2.5395666666661176 0.5106333333327712 29.19941666666618 
415.1104632912933 94.66041666666659 10.966783333333296 10.679716666666597 2.02598333333317 1.8823000000005776 1.128899999999582 26.68368333333322 
413.3646446044225 95.0761833333331 11.69626666666712 11.412349999999726 2.2115500000001704 2.062116666666225 0.3262666666666216 27.708549999999864 
416.4015084092947 94.93521666666688 11.794183333333482 11.672350000000552 2.4869666666669823 3.38995000000062 0.3957833333336869 29.739233333335324 
411.61885334881515 96.04426666666707 11.114450000000215 10.868800000000192 2.038766666666561 1.8954500000001038 0.21445000000021536 26.131916666667287 
512,512,512,512,512
413.98443590908676 94.62408333333372 13.275033333333765 13.193433333333571 3.1833333333332727 2.389099999999659 1.8726833333333464 33.91358333333362 
407.9091750289774 96.81933333333372 11.279749999999998 11.114450000000154 2.057149999999092 0.9207166666671279 0.17788333333282935 25.549949999999203 
411.927926723338 93.4975166666672 12.592766666667133 12.451050000000093 3.9604333333335187 3.16929999999993 2.853466666666706 35.02701666666738 
413.5600567548796 94.91349999999979 11.840133333333506 11.579533333333469 2.773383333333004 2.19091666666615 1.708766666666573 30.092733333332706 
412.9656604533884 95.00011666666667 11.359716666666888 11.152933333334053 2.5591333333329507 1.7832833333334444 0.43788333333310825 27.29295000000044 
412.7580390103882 93.49159999999998 12.709833333333215 12.581466666666529 4.059983333333366 3.584766666667262 2.6160166666664737 35.552066666666846 
409.19878745355146 96.49839999999966 11.372200000000522 11.192816666667143 2.245366666666875 0.9429166666671033 7.115916666666332 32.869216666667974 
412.8737415267923 94.74179999999998 11.993433333333147 11.82714999999959 2.964833333333627 2.081883333333523 1.566466666666262 30.433766666666145 
415.128073338297 94.18383333333283 11.802866666666706 11.51916666666657 2.6401333333329604 1.773300000000442 1.4240833333332072 29.159549999999886 
411.7947315493381 94.80381666666722 12.240949999999854 12.013799999999174 3.1058000000000296 2.2163499999992684 1.0841666666661696 30.661066666664496 
512,32,512,512,512
416.9945557860494 93.93436666666643 11.895416666667067 11.709683333333427 20.991233333333305 3.8813333333326225 1.57636666666743 50.054033333333855 
411.9570116292375 95.25976666666675 12.087666666666701 11.939466666666583 20.319216666666883 2.861316666666001 0.46351666666723756 47.6711833333334 
408.41817373228486 96.26788333333386 11.644699999999709 11.495050000000083 20.142083333333357 2.222766666666636 1.1657999999998234 46.67039999999962 
414.98416429318996 93.18156666666678 13.004133333333266 12.868066666666587 21.434383333333244 4.917483333333014 2.3663499999995112 54.590416666665625 
411.56001016514773 95.66916666666665 11.689033333333645 11.528533333333689 20.952550000000095 3.3886666666667833 0.7776833333338193 48.33646666666803 
412.9415544483327 94.90828333333377 10.88199999999991 10.57513333333336 20.34935000000005 1.1081000000001344 0.2571333333327251 43.17171666666618 
411.1572841412043 92.98521666666726 13.408733333333354 13.2821833333331 22.49290000000025 6.520133333333555 4.426633333333848 60.1305833333341 
417.1301784516778 93.98598333333304 12.191233333333246 11.989766666666764 20.528533333333506 3.2509166666669143 1.1978999999998148 49.15835000000025 
414.7511921263032 94.9912166666673 11.659333333332627 11.500249999999626 20.687700000000405 3.0908666666660185 0.28796666666694365 47.22611666666562 
413.22850742871015 93.12609999999916 14.001283333333049 13.890783333333335 22.651933333333545 6.520566666666794 3.6549333333329437 60.71949999999966 
512,64,512,512,512
417.5628070426005 93.23638333333298 11.983866666666048 11.7695499999998 11.150283333333512 2.8865166666665876 6.378500000000106 44.16871666666606 
415.92006463812686 93.57930000000032 13.239666666667109 13.194750000000022 11.477133333332919 2.6219833333337497 1.9048833333330548 42.43841666666685 
413.462079219305 94.55568333333323 12.180083333333217 12.061300000000058 11.094299999999505 2.0220166666669077 1.5482000000001184 38.905899999999804 
416.1608010428573 93.57446666666702 12.531283333332915 12.375916666666733 11.903816666666414 2.4286666666661403 4.516116666666979 43.755799999999184 
416.20481469562446 94.59143333333326 11.163499999999779 10.960516666666747 10.781783333333806 1.6135333333326343 0.3208999999997104 34.84023333333268 
423.9377062420932 92.80210000000018 11.447416666666504 11.212616666666145 11.09855000000031 1.2658833333331738 0.39035000000045933 35.41481666666659 
411.5739197498057 95.64918333333387 11.88530000000034 11.765016666667119 10.755150000000079 1.4367666666666992 0.528333333333406 36.37056666666764 
416.3055256424826 94.00236666666686 12.162916666666812 12.008899999999631 10.749949999999748 1.7056999999998272 1.4910999999997634 38.118566666665785 
412.8963048527068 94.99459999999989 12.890783333333395 12.747599999999572 11.465600000000268 2.30283333333385 1.8209000000002562 41.22771666666734 
413.14011071457537 94.34526666666686 12.007766666666855 11.794166666666813 11.292900000000069 2.401633333333909 2.032200000000254 39.5286666666679 
512,128,512,512,512
414.7387594684418 93.1096500000004 12.894783333333423 12.785366666666171 8.059050000000267 3.7551833333334192 2.812700000000041 40.307083333333324 
414.68009185434437 94.30193333333342 12.741933333333085 12.614949999999832 6.483316666666966 1.9002166666665896 0.9038499999998142 34.64426666666628 
414.3835417907162 93.81731666666643 12.113133333333524 11.953866666667576 6.672300000000602 2.484433333333436 1.9966666666667152 35.22040000000185 
414.16621837970854 93.92601666666681 12.061233333333439 11.84923333333354 6.4991333333330354 2.2923833333340857 1.6720499999990353 34.37403333333313 
414.3372017918349 94.79193333333382 12.057716666666662 11.83888333333404 6.071683333333264 1.6959666666671183 1.4101500000000668 33.074400000001155 
412.5333484325482 93.16028333333378 13.345416666666946 13.204083333333013 8.442216666667445 3.8625833333331077 2.789733333332697 41.644033333333205 
418.6576423990796 93.85338333333311 11.842949999999716 11.706416666666337 10.715899999999904 2.6136833333334533 1.2028999999996812 38.08184999999909 
398.7837266846347 96.37514999999965 15.013949999999749 14.985099999999875 9.043366666665982 4.270616666666501 4.27235000000043 47.58538333333253 
419.8760071409735 93.52211666666688 12.371850000000146 12.214133333333727 6.566349999999875 4.1289166666671 1.0970000000004803 36.37825000000132 
416.4786929153653 93.87809999999992 12.196499999999771 12.07004999999978 6.567049999999351 2.16773333333349 0.7361666666665163 33.7374999999989 
512,256,512,512,512
412.21197536672645 95.23475000000008 11.547333333333881 11.327783333333233 3.4691833333335427 1.4826166666668845 0.6222666666661099 28.449183333333654 
411.50465770888843 94.6897499999997 12.173633333333116 12.020716666666765 3.7735666666669205 1.9068166666666002 1.4493166666664667 31.324049999999865 
412.42652069289005 94.3230500000003 11.622050000000309 11.445483333333202 4.286116666666748 2.18733333333336 0.6713333333330714 30.212316666666688 
413.6587098480515 94.736583333333 11.959733333333013 11.805266666666405 3.3729500000001282 1.7788000000001072 1.5055166666666993 30.422266666666353 
422.79848222989403 93.32328333333247 11.76856666666663 11.647483333332941 3.6825333333328065 3.393566666666872 10.759433333333194 41.25158333333244 
410.1198224527237 96.34723333333324 12.007966666666471 11.933966666666493 3.5234666666672636 1.5470333333335171 0.4746000000002217 29.487033333333965 
412.7883405432164 93.25241666666729 13.838166666666378 13.782716666667087 6.156166666666589 4.223499999999755 2.9880000000000413 40.988549999999854 
411.44651300783096 94.68330000000032 12.499366666666416 12.407199999999952 4.773333333332812 3.0758499999996274 1.127649999999691 33.883399999998495 
413.07312452736653 95.00118333333361 11.394950000000547 11.133850000000347 4.62679999999976 1.0592833333332843 0.20383333333368986 28.418716666667628 
410.9427415868906 96.2778333333332 12.065016666666756 11.930950000000605 3.813383333332907 1.935216666666444 1.4538666666669693 31.198433333333682 
512,512,512,512,512
418.2149580082816 94.65948333333259 11.632366666666712 11.383533333333496 2.2667666666666872 1.7227333333331747 0.6217999999998938 27.627199999999963 
408.0770150925129 95.38393333333356 12.514433333332878 12.439366666666137 3.6722500000001066 2.489349999999831 1.910349999999744 33.025749999998695 
411.71074924738366 94.81194999999997 12.23018333333342 12.064300000000063 3.385316666666525 2.3111333333334794 1.8885333333329375 31.879466666666424 
411.2239732012122 95.14586666666676 13.507750000000003 13.366616666665928 3.491766666666869 2.8765500000003157 2.1330000000005382 35.375683333333654 
401.265685038022 97.39293333333296 12.88824999999979 12.749699999999939 3.329566666666445 2.448733333333136 1.6856500000002295 33.10189999999954 
411.3430777735704 95.48511666666627 11.722149999999965 11.468483333333278 2.44190000000029 1.6169999999998255 1.207300000000032 28.456833333333392 
410.23308831277774 94.1541166666665 13.155633333333025 13.0028666666661 4.288549999999547 3.1119333333330967 2.207533333333413 35.76651666666518 
411.6772440685644 95.38864999999994 12.631750000000405 12.36048333333365 2.3773833333329093 1.7848666666662514 1.4416666666668485 30.596150000000062 
411.7164611536988 94.73018333333347 11.302833333333487 11.069283333333441 2.223000000000017 1.169766666666692 0.4375999999997172 26.20248333333335 
415.0257527192615 94.43871666666678 11.478000000000309 11.27980000000019 2.1233333333334787 1.5270833333334546 0.8287666666665245 27.236983333333956 
32,512,512,512,512
400.6878958628384 93.97073333333287 80.7137666666665 80.6331833333333 67.45556666666677 49.37988333333354 13.9326499999998 292.11504999999994 
406.59458814134865 93.5651833333342 78.21656666666665 78.0626666666664 65.27770000000037 47.40629999999983 12.5646500000005 281.5278833333337 
406.038346773204 91.5186999999994 79.48476666666629 79.39673333333333 67.2446166666669 50.79543333333337 14.716983333333701 291.6385333333336 
407.2784826511005 93.662966666667 77.5135000000002 77.30926666666649 65.92301666666692 49.97448333333329 11.335200000000137 282.0554666666671 
399.3338909655326 94.67208333333359 78.90798333333326 78.84615000000018 65.08314999999985 47.335250000000514 12.619600000000052 282.7921333333339 
402.0870161408883 93.62838333333299 77.90010000000021 77.7083833333334 65.66653333333319 47.33601666666721 12.268783333333642 280.87981666666764 
397.75990464118087 94.25564999999983 79.93965000000013 79.77688333333323 67.43756666666692 49.19633333333295 14.161499999999917 290.51193333333316 
403.3191228794135 93.73780000000038 78.80284999999985 78.69960000000005 66.00055000000023 47.934933333333476 13.122199999999733 284.56013333333334 
402.2414111725318 94.19868333333339 78.37609999999962 78.22624999999984 66.23188333333358 48.04799999999984 12.394216666666944 283.2764499999998 
398.37697119382966 94.73801666666701 78.82321666666672 78.79341666666679 65.78086666666682 48.2880000000001 13.598233333333761 285.2837333333342 
64,512,512,512,512
421.8053700228259 92.81214999999993 43.17323333333364 43.00540000000007 31.606566666666915 16.497183333333243 0.3807499999998981 134.66313333333377 
420.2043648374982 93.4764333333337 44.087983333332765 43.974016666666465 32.03631666666679 16.87339999999998 0.7774833333333542 137.74919999999935 
417.8857272639537 93.30456666666713 43.17356666666668 43.01701666666649 31.205083333333278 13.777833333333486 1.3189666666664683 132.4924666666664 
417.34781895076657 93.4741833333333 44.41179999999998 44.23526666666682 32.638650000000176 14.726583333333291 0.8670166666665561 136.87931666666682 
406.1413404848462 94.32760000000027 43.05686666666667 42.84151666666694 30.88856666666743 14.82916666666697 0.975850000000052 132.59196666666807 
417.0639784726838 93.28649999999972 44.906833333333026 44.792599999999524 33.507516666666746 15.250516666666954 1.2039166666666763 139.66138333333294 
424.3599371018081 92.6027166666671 42.64183333333294 42.406233333332786 31.202316666666228 15.51805000000016 0.33225000000026433 132.1006833333324 
416.56285419500966 92.85714999999954 42.815916666667 42.642283333333395 31.345966666666936 13.53276666666643 0.6410000000002279 130.977933333334 
417.43406664370616 93.28164999999997 44.74865000000015 44.612616666666874 32.54945000000001 14.948183333333569 1.6069833333332402 138.46588333333384 
418.2695368004881 93.52565000000018 44.05091666666661 43.91836666666677 32.74514999999938 14.08834999999993 0.8897833333330103 135.6925666666657 
128,512,512,512,512
418.22086507602563 93.60995000000005 24.117399999999726 23.83391666666697 11.023600000000018 1.589433333333121 5.955249999999918 66.51959999999976 
414.15925117746093 94.31898333333358 25.23346666666633 25.059683333334092 11.773150000000411 2.1670833333333577 9.771783333333527 74.00516666666772 
418.50840557994195 93.63398333333402 24.979966666666222 24.727000000000043 11.727466666667109 1.7773500000002362 1.343649999999737 64.55543333333334 
418.5914147163273 93.05710000000089 25.08798333333325 24.921049999999315 11.961466666666698 2.185550000000027 1.733150000000387 65.88919999999968 
415.7278649973133 94.38858333333269 24.700066666666075 24.53998333333372 11.56188333333345 1.2424666666665871 2.4402000000001864 64.48460000000001 
414.81956800507515 94.19621666666625 24.488783333332808 24.303716666666272 11.829533333333469 2.0168166666666365 0.7869833333329855 63.42583333333217 
415.6108268898641 93.95858333333344 23.94921666666675 23.703183333333374 11.199116666666365 1.6573499999996784 0.4602499999997235 60.9691166666659 
415.61964067333855 92.58369999999977 25.57366666666676 25.452216666665965 13.02661666666645 3.1038833333337 2.556199999999929 69.71258333333282 
412.0868869253806 95.22350000000023 24.70891666666697 24.465866666666443 10.62786666666713 1.5989500000003318 1.392483333332954 62.79408333333382 
417.8228767262996 93.54163333333355 24.1490666666669 23.948033333333356 11.521100000000114 1.9053499999993921 0.49058333333280946 62.01413333333257 
256,512,512,512,512
410.6658893288926 94.80413333333321 16.83608333333347 16.72318333333357 2.8570333333334927 2.888700000000305 2.0187666666669126 41.32376666666775 
412.9660148378536 94.37329999999997 16.863499999999657 16.73783333333316 3.0841166666666444 3.008400000000074 2.351883333333596 42.04573333333313 
412.79605929738455 93.89750000000059 17.288966666666663 17.179100000000652 4.964383333333596 3.880766666665962 5.956499999999748 49.26971666666662 
417.0592905945455 94.02656666666634 16.29758333333375 16.139266666666725 2.5520166666663497 1.8601000000002992 1.4959000000000742 38.3448666666672 
413.53893291247323 94.28418333333269 14.986650000000372 14.70643333333319 2.0798000000006143 1.1600500000002285 0.3543166666661515 33.287250000000554 
416.4724133766207 94.94400000000039 15.284499999999996 15.002466666666685 2.2844499999997425 1.4562833333335221 8.308050000000064 42.33575000000001 
414.1784758348791 93.52486666666624 16.60183333333316 16.532099999999993 3.3478333333332557 2.889783333332889 2.05049999999992 41.42204999999922 
413.63474254190095 95.06624999999984 15.950133333333481 15.792899999999888 2.500516666666287 1.5365666666667797 1.3862833333337525 37.16640000000019 
408.02491870311604 96.83541666666687 15.166333333332659 14.968866666666873 1.9829499999994369 0.9411166666671004 7.201883333332807 40.26114999999888 
414.0214251929122 93.73035000000007 15.798400000000099 15.724366666666416 2.915066666666523 2.342183333333196 1.277333333333445 38.05734999999968 
512,512,512,512,512
414.4159856399967 94.52066666666644 13.566383333333336 13.423366666667 3.8414499999996528 3.145000000000194 5.441766666667415 39.417966666667596 
413.43311556988726 93.88781666666692 12.68391666666618 12.498933333333177 3.6872999999997775 2.9562166666663567 1.952433333333162 33.778799999998654 
415.9929037587111 95.19128333333362 11.386183333333369 11.128500000000349 2.189516666666956 3.0507000000002638 10.092483333333197 37.847383333334136 
413.5405325604837 93.87491666666654 12.24458333333326 12.080333333333025 3.1407666666668472 2.452916666666412 0.996000000000034 30.914599999999577 
415.7160619068477 95.1394999999997 12.152983333333335 11.996033333332768 2.296266666666573 1.767599999999523 0.347899999999936 28.560783333332132 
415.68061734636285 94.2870666666668 11.743433333333087 11.538883333333434 2.477016666666289 1.334200000000116 3.0045833333333576 30.098116666666286 
415.8886581273232 94.62705000000031 12.40321666666623 12.231683333333482 2.9025833333333138 2.7704333333333127 3.8098999999998946 34.11781666666623 
411.4881364655125 93.76181666666578 13.028383333333355 12.885483333332923 4.285783333333105 3.62480000000002 2.9908666666666854 36.815316666666085 
416.8573352588845 94.19911666666682 11.914800000000225 11.752416666666734 2.872666666666252 3.926050000000214 11.574633333333622 42.04056666666705 
412.8738575488155 94.45526666666692 12.978466666666584 12.804399999999442 3.477883333333436 2.770266666667036 1.9813499999998385 34.01236666666633 
