512,512,512,32
341.00903527068044 162.10969999999986 6.802166666666745 6.794716666666682 6.211633333333339 5.169983333333463 24.978500000000228 
362.88837646859037 149.44005000000016 15.709149999999863 15.690283333333536 15.689216666666773 16.23595000000005 63.32460000000022 
336.62277450971413 163.91125000000005 15.271333333333072 15.270799999999811 13.803433333332881 13.563800000000265 57.90936666666603 
356.95101908344213 148.23635000000039 17.617533333333327 17.59893333333342 13.457666666666592 13.960033333333497 62.634166666666836 
335.6491285988668 162.9030999999998 2.245316666666925 2.2354666666665555 0.8162000000003293 0.5423499999997754 5.839333333333585 
363.53643923283204 150.5781499999997 23.027049999999992 23.034100000000095 27.667916666666738 27.18340000000038 100.9124666666672 
360.2306125880049 150.66861666666634 30.473049999999965 30.452466666666865 27.46146666666688 26.482800000000317 114.86978333333403 
359.9691573445225 151.72070000000005 11.38711666666659 11.291366666666667 10.919150000000021 8.389300000000002 41.98693333333328 
362.29827480935984 150.67186666666674 7.167399999999968 7.126500000000245 4.940116666666957 2.810183333333104 22.044200000000274 
336.3901750612071 163.78955000000033 7.177999999999762 7.161483333333672 6.162383333333188 6.625916666666732 27.127783333333355 
512,512,512,64
336.15918722865155 162.86123333333336 1.3089500000000043 1.3085166666666435 0.23356666666647166 1.2774833333332936 4.128516666666412 
355.57491023328635 150.32539999999992 1.358316666667027 1.350099999999596 0.35556666666677 1.143933333333492 4.207916666666884 
356.25913156407586 151.99756666666636 1.240599999999904 1.2585333333334348 0.29224999999999757 0.9949000000000524 3.7862833333333885 
355.58345906570173 151.61764999999986 1.4202333333335748 1.3888666666665206 0.6516833333332518 0.6450499999997797 4.105833333333127 
356.0439802547109 150.50900000000004 1.0927000000001499 1.074683333333087 0.2645833333334546 0.9317999999999907 3.363766666666682 
349.4118129076742 152.14176666666643 1.1451166666665813 1.134366666666574 0.8238999999996547 1.569200000000334 4.672583333333144 
336.43140729800535 163.30771666666627 0.9930333333333086 0.9743499999997464 0.4088333333330714 0.7542666666664445 3.130483333332571 
355.4854207874946 151.30205000000007 1.4660833333332752 1.4494333333331573 0.30373333333336633 1.1923166666666172 4.411566666666416 
336.6446894420875 163.58166666666654 1.7700333333332916 1.7628666666663775 0.9390833333334133 1.1305333333333691 5.602516666666451 
350.11118605085176 150.29585000000014 1.050233333333502 1.024333333333258 0.24831666666632374 0.8702166666665411 3.193099999999625 
512,512,512,128
355.0093700742923 150.8498833333333 1.260466666666192 1.2692666666666506 0.3012000000001838 0.6633500000001126 3.494283333333139 
337.7196481834302 163.5545833333332 1.7656499999999749 1.7997333333334609 0.852049999999872 3.048450000000048 7.465883333333355 
336.1737541787648 163.3089833333329 1.188200000000082 1.1811499999998583 1.2488500000000082 2.295866666666916 5.914066666666864 
352.2923883265681 149.6053833333332 1.4918833333331956 1.5402833333332333 0.42318333333356956 1.2426000000003115 4.69795000000031 
355.21551083804417 149.87723333333298 1.4787166666666356 1.4649999999999637 1.1602000000004409 1.356533333333391 5.4604500000004315 
340.30633109818666 162.1513166666665 0.9650666666664013 0.9785000000002886 0.4309333333337539 0.8544333333331451 3.228933333333589 
357.2483376839076 149.9881166666668 1.0923000000000078 1.0941000000000107 0.21949999999984962 1.022283333333265 3.4281833333331333 
337.7219026970894 161.76071666666704 1.1034833333334972 1.0791500000000573 0.4098499999999452 0.889183333333555 3.481666666667055 
338.0198983546199 163.03623333333366 1.3043333333331855 1.306499999999869 0.5098000000002988 0.8665500000000369 3.98718333333339 
334.10383564210423 162.434333333334 1.3264166666667128 1.3423166666667992 1.0573333333330084 1.3984166666666473 5.124483333333168 
512,512,512,256
335.83243501968377 163.380033333333 1.6380833333333915 1.6164999999998448 0.7023000000001655 0.8542166666666162 4.8111000000000175 
354.47095562445577 151.27244999999996 1.1136666666669044 1.1277666666672304 0.457400000000113 1.4388166666669349 4.137650000001183 
355.08968937995434 151.22396666666623 1.206866666666671 1.1784166666664533 0.32588333333351327 0.7012333333330996 3.412399999999737 
350.77141578379036 150.59160000000017 1.584133333333557 1.6057999999999084 0.5215000000003177 1.6544333333335695 5.365866666667353 
335.2462808642886 163.84669999999983 1.2985333333333984 1.2916833333331548 0.25133333333324115 0.6504499999999704 3.4919999999997646 
334.84998972636157 165.08879999999985 1.3899499999999534 1.3876999999999802 0.355849999999676 1.2077500000001238 4.341249999999734 
349.0514228927425 151.28904999999992 1.4378000000000004 1.4251833333333708 0.300200000000162 0.8468666666668165 4.01005000000035 
336.09475996120017 163.39963333333318 1.6919499999999366 1.678883333333215 1.1602666666666361 1.3160000000002279 5.847100000000015 
335.316578305816 163.91278333333304 1.020849999999579 0.9694833333333008 0.33938333333329257 2.638350000000052 4.968066666666225 
351.51468131790017 152.02956666666637 1.1928833333330355 1.1702833333334033 0.2466666666667758 1.3020166666664712 3.911849999999686 
512,512,512,512
356.46416053326476 149.6185666666668 1.2706166666668044 1.2682333333331068 0.5914666666665653 0.883466666666512 4.013783333332988 
352.3036398414541 151.9412 1.2179000000002513 1.2101500000001881 0.22385000000000824 0.9487333333333178 3.6006333333337652 
355.4935701970494 152.22191666666617 1.2962166666666235 1.2630666666670247 0.36236666666694267 1.080399999999948 4.002050000000539 
333.1047514692963 164.25133333333272 1.2937166666665993 1.2844500000001062 0.2624833333332693 1.4262333333336452 4.26688333333362 
337.6218590220207 163.33580000000052 1.1657000000002276 1.205500000000029 0.3106166666667074 0.6499833333333905 3.3318000000003543 
337.249891470804 161.93976666666686 1.1807500000000801 1.157799999999952 0.2828666666667535 0.6955333333332722 3.316950000000058 
351.670018378096 151.64439999999985 0.8501999999997982 0.8046666666668898 0.2602166666666866 1.1609000000000984 3.0759833333334727 
333.9768731293812 163.8117166666664 1.079300000000209 1.0833666666667947 0.475366666666802 1.0193500000000009 3.657383333333807 
338.6881742000716 162.37098333333304 1.2631000000000616 1.2521166666666128 0.46733333333340854 0.7070666666665298 3.6896166666666126 
353.0760215004253 151.2421166666662 0.951250000000376 0.9570833333334424 0.24846666666696063 0.7283833333333557 2.8851833333341346 
512,512,32,512
335.533977352559 163.91609999999997 1.3347166666665846 1.3689500000000407 0.40599999999988845 1.9504333333332398 5.060099999999753 
336.20864006960176 163.3725000000003 1.4639499999997496 1.4691166666670445 0.6862999999995736 2.5331166666665013 6.152483333332869 
336.32416755718856 163.73426666666677 0.9995166666666895 1.00064999999989 0.2647166666664513 1.7812999999998282 4.046183333332859 
334.8013710710014 164.56398333333365 1.058333333333394 1.0795833333332363 0.36059999999967357 2.014350000000013 4.512866666666317 
332.86130802950936 164.63391666666672 0.8904499999998128 0.8666333333332659 0.23218333333315969 1.6493333333331974 3.638599999999436 
353.976306813786 153.1380333333333 1.0972999999996924 1.1045000000002498 0.43703333333335953 1.8448500000000423 4.483683333333344 
351.76348307053206 151.11100000000013 1.204816666666799 1.1942333333334925 0.49663333333319315 1.8735499999999472 4.769233333333432 
351.7872185225252 152.47609999999986 1.200416666666994 1.164666666666623 0.37809999999972205 2.122666666666737 4.865850000000076 
334.6726882170152 163.44311666666673 1.5460833333333237 1.5815333333330273 0.8461666666667952 2.0119166666669117 5.985700000000058 
333.5325763756231 164.8247000000002 1.1700000000002546 1.1584000000000136 0.34476666666681316 1.7729833333332257 4.446150000000308 
512,512,64,512
338.34050302977323 162.22618333333367 1.033983333333284 1.054566666666445 0.2270833333338184 1.9300833333337626 4.24571666666731 
339.77308524472846 161.56363333333357 0.8517166666668345 0.8337166666664416 0.3059500000001208 1.5812333333333906 3.5726166666667876 
332.9633871435623 164.1284833333335 1.05425000000032 1.0302499999997357 0.2448333333334934 2.5709833333335457 4.900316666667095 
333.63111777532487 163.80688333333353 1.0616166666669111 1.047333333333275 0.765550000000015 2.924083333333571 5.798583333333772 
350.7029041104075 151.12004999999996 1.3948333333333722 1.390949999999854 0.4374833333327842 2.0953166666665615 5.3185833333325725 
337.62535040909154 162.97049999999987 0.9949666666667326 1.021466666666614 0.4189166666664581 1.6357666666667987 4.071116666666603 
337.0686629916879 163.32766666666683 1.1248166666668111 1.0835499999996803 0.20793333333355501 1.30435000000028 3.720650000000327 
334.2606901855914 164.31576666666672 1.2004833333332499 1.189633333333283 0.5923166666665566 2.045383333333363 5.027816666666451 
334.62803246152436 164.53471666666644 1.00556666666677 1.015083333333314 0.32699999999986173 1.732666666666531 4.0803166666664765 
353.5084987056203 151.27759999999986 1.5205833333332217 1.529483333333398 0.46741666666657694 1.898966666666638 5.416449999999835 
512,512,128,512
334.87596573080936 164.42738333333332 1.5997500000002522 1.626999999999801 0.5071000000001732 1.8220833333329816 5.555933333333208 
335.6986189206076 163.04298333333344 0.925700000000082 0.9023166666668961 0.28624999999992723 1.2807166666666185 3.394983333333524 
334.66784441803685 164.11166666666625 1.0818833333337048 1.0579833333330801 0.4985333333332164 1.0269500000002154 3.665350000000217 
354.5627751795786 150.27723333333324 1.798799999999998 1.7784166666668777 0.8930833333331976 1.6216499999998026 6.091949999999875 
358.9145030553901 150.36696666666634 1.014933333332859 1.029133333333084 0.2839666666664925 1.2356666666667782 3.563699999999214 
335.61743399941395 164.11861666666658 1.3427666666667089 1.2941999999997278 0.8957833333335656 1.1555499999997967 4.688299999999799 
356.01251676380105 150.82976666666679 1.3660166666667162 1.380666666666548 0.6066499999997783 1.2655166666667355 4.618849999999778 
334.1388452151436 163.81633333333343 1.0699166666661768 1.0452166666666622 0.7535166666665949 2.4594666666665943 5.328116666666029 
335.6905250693931 163.70653333333343 0.8535500000001169 0.8108333333331756 0.2299666666665871 1.2190500000003037 3.1134000000001834 
349.86652323387614 151.98630000000003 1.2180833333333188 1.2266166666668747 0.29988333333306705 2.4293500000002797 5.17393333333354 
512,512,256,512
352.40033801382185 151.95173333333324 1.0275499999999131 1.0514000000001034 0.444550000000163 1.2517000000003464 3.775200000000526 
345.28566873862735 150.9840000000001 1.2843333333332339 1.2946000000001732 0.35421666666685875 0.7051499999998365 3.6383000000001022 
332.2053618003397 166.26736666666676 1.0538499999996929 1.0583666666666736 0.2333666666663703 0.7104333333330942 3.056016666665831 
335.88932104927636 163.82486666666625 1.0137666666667429 0.970483333333262 0.1955500000001848 0.43136666666687234 2.611166666667062 
356.1587926545406 151.10593333333327 1.0083833333334649 0.9943500000003042 0.24430000000005142 0.6081333333331713 2.855166666666992 
336.8597893028289 163.31396666666672 0.9162166666668782 0.9083999999999529 0.26238333333330954 0.5608666666671828 2.647866666667323 
332.5511222959991 165.24158333333324 0.8815333333331485 0.8496833333335113 0.29094999999973276 1.092816666666537 3.1149833333329298 
332.951596022216 164.7746833333333 1.0003166666666705 0.9473999999998342 0.2853166666667069 0.8606999999999364 3.093733333333148 
336.88939494093967 163.21255000000028 1.032433333333332 1.0284666666663422 0.3841333333336176 0.8130166666668326 3.2580500000001242 
354.776605129517 151.23096666666675 1.304283333333539 1.3219166666670086 0.3836666666667952 1.4580499999997605 4.4679166666671035 
512,512,512,512
334.52191385305576 164.6151333333336 0.9240166666664057 0.9110333333332165 0.1937666666667307 0.7401499999999942 2.768966666666347 
346.18347336260615 152.22241666666642 1.3750333333331581 1.3867000000002008 0.5684333333330869 1.2897500000001552 4.619916666666601 
355.27789394607106 150.33501666666638 1.4086666666666132 1.3789999999998448 0.3781666666664629 1.2453499999999016 4.411183333332822 
355.3957184287663 152.58085000000003 1.0860999999995935 1.0838833333333848 0.3148999999997007 0.6510500000000926 3.1359333333327717 
353.4701730901269 150.79860000000025 1.4114666666668199 1.4510333333333014 0.39308333333344003 0.7866333333331568 4.042216666666718 
330.80678065802005 165.97599999999974 1.1966833333329001 1.166483333332932 0.32764999999975164 1.1228833333336297 3.813699999999214 
334.14986670450253 163.9654666666666 1.2010000000000218 1.1985999999998966 0.3635833333333721 1.0049499999998563 3.7681333333331475 
336.13684816767994 162.27956666666645 1.4567833333335025 1.4814500000002833 0.4624499999998079 1.074949999999808 4.475633333333402 
334.29748401542713 163.48343333333327 1.1040333333333667 1.1001333333334817 0.2905833333332945 0.3902999999997822 2.8850499999999255 
334.46322222259215 163.57000000000042 0.9221999999999753 0.941616666666414 0.48821666666675206 1.0130333333332602 3.3650666666664013 
512,32,512,512
338.75682312827206 163.6235166666669 1.139049999999952 1.156866666666671 0.7266333333335449 1.2436166666665789 4.266166666666747 
335.4124927538235 163.36713333333336 1.154499999999886 1.0999000000001615 0.7019666666665823 1.1823500000000422 4.138716666666672 
354.17662679117836 150.97871666666674 1.1159333333333052 1.1524666666665022 0.59544999999974 0.9622166666667908 3.826066666666338 
333.7075384909714 164.3097333333333 0.7546000000000883 0.7408166666669179 0.6135333333329375 0.8557499999999588 2.9646999999999024 
334.46068348323945 161.17231666666646 1.1086166666663606 1.1047833333331558 0.6171166666665158 0.7237333333332572 3.554249999999289 
333.8870237124949 164.97183333333328 1.208483333333667 1.1907499999998739 0.6259000000000015 0.7541000000001683 3.7792333333337105 
355.1274415146098 150.70238333333327 1.25014999999997 1.2725833333332655 0.6241000000001804 1.3798333333334691 4.526666666666885 
333.3265942812969 164.91009999999983 1.0151333333334454 0.9869833333335313 0.6598166666664838 1.2438000000002527 3.905733333333713 
329.48358976110933 164.71643333333355 1.2480000000000777 1.2362166666664658 0.7872499999997066 0.9490499999999277 4.220516666666177 
355.0469967735579 151.59485000000035 1.2859333333332568 1.266633333333266 0.8255833333336341 0.6519833333331311 4.030133333333287 
512,64,512,512
355.6105110827743 151.22843333333338 1.0016333333333023 0.9867000000000795 0.3826833333332009 0.9114666666667594 3.282483333333342 
335.42521981828236 164.16623333333357 1.184416666666645 1.2082166666665823 0.5920666666666875 1.2200166666663184 4.204716666666233 
356.09427181335866 150.552966666667 1.1380833333332703 1.092183333333378 0.45946666666677627 0.6281499999998535 3.3178833333332785 
358.04553485758277 150.77655000000004 0.922583333333508 0.9370833333332484 0.940650000000096 1.0580833333334643 3.8584000000003167 
330.3678936819286 164.87893333333335 1.0735500000003109 1.0778999999998027 0.43476666666677677 1.5727333333334779 4.158950000000368 
355.69067494878936 150.3321333333338 1.676850000000195 1.6941666666667516 1.390533333333163 0.9460666666673205 5.70761666666743 
336.3283152149064 163.0602999999996 1.2120333333332383 1.203916666666737 0.8629499999996673 1.4425166666668399 4.721416666666482 
331.25706074489256 163.55013333333343 1.1294833333329735 1.113349999999688 0.8382833333332503 0.638133333333523 3.719249999999435 
354.2609312110935 150.60578333333302 0.9777500000000146 0.9825666666665711 0.7426833333334798 1.2849833333330631 3.987983333333129 
336.5362052942084 162.78878333333338 1.046066666666896 1.029516666666556 0.5620166666667501 1.0000166666666095 3.637616666666812 
512,128,512,512
337.65279784993174 162.48756666666654 0.8563666666666905 0.8721333333331132 0.3173833333336006 0.4458166666664207 2.491699999999825 
335.04369023537186 164.01886666666624 1.358899999999873 1.3717333333333954 0.7174000000001494 1.291500000000148 4.739533333333566 
335.2451211683831 164.88011666666685 0.9923999999997856 0.9728333333331345 0.40536666666642607 0.8451833333333828 3.2157833333327286 
332.785682204607 166.1166666666668 1.0595666666662509 1.1302166666665774 1.0167666666665052 2.4722666666665343 5.678816666665868 
354.6536691216527 150.61848333333342 1.0368166666665275 1.027483333333536 0.266350000000178 0.9909166666666351 3.3215666666668766 
334.1601760881185 164.92334999999989 1.8961333333333945 1.872283333333568 0.3545000000000679 1.70084999999987 5.823766666666901 
334.59220873056495 163.6163333333331 1.020499999999932 0.9984000000000378 0.7923833333332975 1.4296333333328828 4.24091666666615 
352.8636375067232 150.4936833333336 1.190366666666705 1.183016666666299 0.3819499999998394 1.0143166666667336 3.7696499999995767 
357.0909270882945 149.69055000000023 1.2094166666666448 1.1949333333337564 0.5044000000005326 0.6950999999999719 3.6038500000009055 
350.96441320900936 150.60315000000023 1.188416666666914 1.1532833333336385 0.4641666666668243 0.7983333333331151 3.6042000000004926 
512,256,512,512
353.5799320200841 150.34449999999984 1.5942333333330074 1.6300166666670217 0.4656999999996818 1.3047833333334589 4.99473333333317 
336.0616625027594 162.74680000000004 0.7970333333327896 0.8585500000001047 0.2558833333330161 0.7361666666664557 2.647633333332366 
342.30825313867115 151.1582666666672 0.982366666666591 0.9660166666665949 0.36698333333376165 0.6578499999999016 2.973216666666849 
354.0822303120355 152.1575666666667 1.036616666666608 1.024883333333249 0.3149666666668054 0.9571166666664188 3.333583333333081 
352.60033205896525 153.11461666666617 1.309616666666625 1.2845166666664227 0.2982500000000679 0.8209333333332931 3.7133166666664086 
335.4541124235721 163.40290000000005 1.4417333333331044 1.4551833333334798 0.7375499999999495 1.2760166666662676 4.9104833333328015 
335.6651058478823 163.51694999999967 1.4593000000001364 1.4979833333335288 0.5443000000000514 1.3168999999996838 4.8184833333334005 
336.33786090782746 163.4013833333331 1.0159499999999146 0.9759500000001935 0.2729499999998855 0.6443666666664891 2.9092166666664827 
334.9969301231528 163.7072166666665 1.2424833333335603 1.226733333333444 0.39070000000016686 1.1636333333333824 4.0235500000005535 
352.1352553737604 152.89328333333273 0.888300000000163 0.9176833333333586 0.3124500000002323 0.5313833333331179 2.649816666666872 
512,512,512,512
347.78934441021033 151.31426666666667 1.0508000000002236 1.0633666666667219 0.5811166666663969 0.9059833333334003 3.601266666666743 
333.1469137945862 164.69616666666676 0.9594499999996818 0.9443333333332097 0.2616999999999583 0.5595666666670392 2.725049999999889 
355.17929808118004 150.16158333333357 1.234016666666806 1.1959333333331112 0.4769500000000941 1.1736333333332367 4.080533333333248 
335.8780523430623 163.94753333333355 1.9004999999998593 1.9049166666665769 1.1036666666669286 1.3623833333334914 6.271466666666855 
336.78318403484826 163.24206666666652 1.283599999999933 1.2952333333335748 0.878450000000521 1.0845166666666046 4.5418000000006336 
346.2099563028891 151.9656833333332 1.0885833333336146 1.1274500000002565 0.5330166666665416 0.8239833333336113 3.573033333334024 
343.4751150783056 153.45335000000006 1.5489833333333687 1.525650000000011 0.6529000000002877 0.866583333333377 4.594116666667045 
356.07744666913163 151.7567333333329 1.3326666666665914 1.3398333333333237 0.3547666666666676 1.4704500000000431 4.497716666666626 
352.7400067858263 150.31698333333338 1.3040999999998044 1.3014500000001135 0.7326333333332513 2.02448333333341 5.362666666666579 
334.9007348211242 164.36623333333307 1.086199999999917 1.0924666666668903 0.37749999999996364 0.9486499999999675 3.504816666666738 
32,512,512,512
356.06759766949153 149.83800000000002 10.057916666666763 9.960000000000097 5.115533333333285 2.023816666666668 27.157266666666814 
358.3317087849347 149.92083333333375 10.184050000000147 10.099883333333128 5.123483333333145 1.884816666666787 27.292233333333204 
347.28729803514 152.51596666666646 10.892016666666496 10.825049999999708 6.988299999999921 4.589783333333253 33.29514999999938 
335.3276509726155 164.2813333333336 10.939600000000125 10.862450000000475 6.100850000000234 3.020500000000114 30.923400000000946 
331.4143053794186 165.4461499999994 10.269199999999788 10.18858333333319 5.475299999999819 2.77536666666662 28.708449999999416 
350.6324825336628 151.95404999999994 10.686633333333097 10.626199999999942 5.767983333332935 2.982450000000123 30.0632666666661 
356.6070052681595 150.84591666666657 9.996400000000175 9.855416666667043 5.754583333333297 2.2989333333331765 27.905333333333694 
331.1787368161266 165.8892 10.577199999999841 10.54419999999991 5.495383333333363 2.235416666666788 28.852199999999904 
331.48018817870303 166.02658333333338 10.228999999999905 10.162366666666578 5.075700000000082 2.558383333333283 28.02544999999985 
351.74630889974185 150.89074999999988 10.096750000000005 10.049066666666537 5.349733333333461 2.6308499999999184 28.12639999999992 
64,512,512,512
326.2829214307757 165.0209499999999 4.899600000000101 4.876950000000034 1.1747833333334106 1.2304500000000795 12.181783333333625 
331.5515008757974 165.47496666666726 5.017166666666586 5.031416666667125 0.7666833333329729 1.641499999999966 12.456766666666649 
334.7024375961705 164.79923333333292 4.545433333333434 4.538283333333311 0.4524666666668054 0.8439166666671857 10.380100000000736 
348.2002712664171 151.83153333333317 4.290933333333851 4.247666666666858 0.7785333333333255 1.556683333333361 10.873816666667395 
334.5128400156069 164.51786666666675 4.312483333333573 4.2840333333329905 0.3038833333333362 2.0222833333333257 10.922683333333225 
357.7335957317584 149.23878333333303 4.775583333333634 4.794033333333148 0.9556166666665377 1.473416666666708 11.998650000000028 
355.23778358428495 151.61900000000023 5.639099999999719 5.627949999999934 1.5065500000000611 2.3020666666663603 15.075666666666073 
329.35369457501486 166.15320000000014 5.11588333333378 5.149599999999797 1.567766666666709 2.658799999999792 14.492050000000077 
334.62402903887494 163.88586666666646 4.446916666667251 4.404749999999755 0.9976666666664339 1.8099666666669993 11.65930000000044 
355.56742435013507 151.6312166666666 4.642066666666688 4.6195000000002135 0.4808833333334405 0.7540833333333163 10.496533333333659 
128,512,512,512
332.09858001789956 164.0516833333332 2.0009333333333417 1.9455166666668446 0.3582333333334342 1.5336999999998928 5.838383333333513 
335.4792862140148 164.1023166666667 2.7653666666668264 2.762499999999879 0.8804833333332984 1.357816666666622 7.766166666666626 
335.4851521000326 163.07525000000047 2.264100000000326 2.2322166666666816 0.28726666666704354 1.419216666666883 6.202800000000934 
333.38321381330235 162.98684999999978 2.143549999999838 2.121883333333244 0.5369166666670329 1.446650000000227 6.249000000000342 
353.1865291310995 151.39068333333347 3.3077166666662987 3.2692833333335027 1.2546166666665763 1.7139666666668443 9.545583333333221 
354.8890100137734 150.44698333333343 2.2189333333332493 2.166483333333781 0.23403333333353657 1.4667666666669297 6.086216666667497 
335.5575555040494 162.78070000000002 2.0902666666671093 2.072750000000087 0.4459833333335458 1.2117833333333692 5.820783333334112 
355.996630975069 151.52603333333326 2.3967166666666646 2.3555333333333084 0.8083333333332121 1.295950000000145 6.8565333333333305 
334.9177639675522 164.17154999999974 1.9987666666670825 1.9411166666665547 0.45080000000028425 0.9833000000002964 5.373983333334218 
335.68916345699216 163.3227333333332 2.174916666666468 2.1353166666667676 0.2718833333332441 0.6314999999999903 5.21361666666647 
256,512,512,512
337.69532790974756 162.45400000000038 1.0996000000000399 1.0796999999998056 1.1253666666666808 1.8983166666665057 5.202983333333032 
350.71799863778256 152.0882 1.5165666666664643 1.4726166666669693 0.7101666666666158 0.9595166666667259 4.658866666666775 
335.7367016910408 163.81789999999972 1.2809333333330264 1.2792666666664445 0.7494333333331572 1.214683333333111 4.524316666665739 
336.87275963305444 163.08088333333328 1.3176166666668603 1.3025000000000848 0.8256500000000718 0.9952166666667835 4.440983333333801 
329.9521016913277 163.20163333333355 1.8654999999999442 1.8451166666669452 1.098849999999705 1.348166666666657 6.157633333333251 
343.6905220309126 150.7081833333339 1.5218166666669883 1.5126166666666299 0.2476000000001174 0.49205000000038124 3.7740833333341173 
336.2557928795344 163.26589999999968 1.4841333333332538 1.4707499999998617 0.18411666666676563 0.6176499999998971 3.7566499999997784 
350.1140642887284 151.40738333333346 1.442866666666426 1.413433333333281 0.2956333333332926 0.7776666666664823 3.929599999999482 
336.1454663786625 164.02550000000008 1.8089166666667855 1.7984500000001087 0.6885166666667525 0.9335166666668859 5.229400000000533 
355.24936790679556 150.92261666666636 1.6450333333332916 1.6291333333332658 0.4227999999997337 0.9896166666663703 4.686583333332662 
512,512,512,512
353.2586231746406 151.3084333333331 1.1405499999998332 1.1316333333333508 0.31598333333325473 0.9491666666664968 3.5373333333329358 
330.13602019279045 165.0521333333343 1.3146499999998318 1.3339000000004186 0.5654500000000553 0.5982500000000073 3.812250000000313 
334.5708815719464 164.1652166666667 0.9655333333332844 0.9388333333334837 0.29766666666679764 0.9867999999998573 3.188833333333423 
331.9981531630105 164.45763333333343 1.0501000000000205 1.0697166666666817 0.26306666666666084 0.6583166666666632 3.0412000000000265 
337.50337185875367 163.3223666666665 1.0661166666669184 1.0330499999998817 0.27710000000030655 0.6007666666665197 2.977033333333626 
332.1995635314778 165.8599833333333 0.9235166666665464 0.9290833333335589 0.33123333333314803 0.7216999999998734 2.9055333333331266 
335.9714373226851 163.31295000000023 1.3713166666663408 1.3899833333330511 0.8358166666669301 1.1959333333332325 4.793049999999554 
335.12772212413387 163.6946166666667 1.2036166666670396 1.2481499999995018 0.33878333333323096 1.3174833333333178 4.108033333333091 
357.0144747298124 150.94406666666643 1.2852666666664543 1.2645499999999326 0.5690000000001115 1.1350333333330733 4.253849999999572 
357.3502372844383 151.94993333333298 1.052183333333475 1.0667833333334784 0.231633333332987 0.8236666666666376 3.1742666666665778 
