512,512,512,512,32
512,512,512,512,32
95.38105142857151 14.89404857142868 14.737691428571466 5.64728952380956 4.895928095238124 3.7618199999999313 43.93677761904776 
512,512,512,512,64
95.54891666666664 11.898861428571427 11.713383809523775 2.821053333333454 2.2695957142857255 1.286709047618928 29.98960333333331 
512,512,512,512,128
96.12736809523811 11.875365238095215 11.684010000000077 2.732303333333399 1.804923333333425 0.8713804761905235 28.967982380952645 
512,512,512,512,256
95.47074954887218 12.397107703349203 12.214830127591705 3.55043049669617 2.3787556071997487 2.550595511505975 33.09171944634279 
512,512,512,512,512
95.45683714285708 12.100568571428566 11.932568571428629 2.9362376190475263 2.076297619047528 2.028638571428502 31.074310952380756 
512,512,512,32,512
95.46992333333337 11.862523809523736 11.675701904761878 2.6994066666666483 1.7963342857142663 1.2075428571427933 29.241509523809327 
512,512,512,64,512
95.01534190476195 11.703686190476107 11.503791428571429 2.591420952380937 2.0973728571427688 1.8323109523810266 29.72858238095227 
512,512,512,128,512
95.33183571428575 11.745630476190573 11.544572380952442 2.691602857142794 1.8321238095238386 2.05147952380955 29.8654090476192 
512,512,512,256,512
95.51173476190493 12.124900476190444 11.950322380952231 2.9741676190476594 2.039475238095192 1.6760709523809627 30.76493666666649 
512,512,512,512,512
95.24509761904764 11.788888571428439 11.587254761904864 2.771007142857173 1.8136747619048177 1.0008776190475328 28.961702857142825 
512,512,32,512,512
95.76935333333347 11.737709523809405 11.54883571428581 2.7103447619047403 11.99109952380952 0.6494290476191462 38.637418571428626 
512,512,64,512,512
96.41284571428564 11.808900000000062 11.620196666666555 2.737347142857067 6.468188095238061 1.2586142857143396 33.893246190476084 
512,512,128,512,512
95.80385598769647 11.961461380724462 11.777022064251438 2.9391852153109257 4.222556960583183 1.0243173980405023 31.92454301891051 
512,512,256,512,512
96.54327047619054 11.830648571428611 11.646693809523915 2.6532133333333663 2.7492742857142334 1.2341990476190783 30.114029047619205 
512,512,512,512,512
96.34257904761911 11.81932952380958 11.630812857142793 2.7135480952379742 1.6163752380952654 1.1301652380952423 28.91023095238085 
512,32,512,512,512
96.13433952380949 11.698372380952296 11.509311428571337 20.535354761904856 2.859463809523908 1.901229047619062 48.50373142857145 
512,64,512,512,512
96.15045238095222 11.984410000000041 11.797637142857111 11.453725714285818 2.0881638095236084 2.167736666666673 39.49167333333325 
512,128,512,512,512
96.20363000000012 11.648913333333345 11.450014285714207 6.13325285714289 1.738070000000007 1.9170647619046508 32.8873152380951 
512,256,512,512,512
96.18344857142863 11.693616190476005 11.50019476190473 3.5295252380952915 2.1785204761904784 1.3712880952380442 30.273144761904547 
512,512,512,512,512
96.73958095238095 11.686912380952448 11.484375238095373 2.583225238095216 1.72182 1.8695976190476702 29.34593047619071 
32,512,512,512,512
96.13142380952378 79.25108190476195 79.08852285714303 66.07211047619064 47.422696190476145 11.456143333333364 283.29055476190507 
64,512,512,512,512
95.10678952380972 44.012557619047584 43.82703952380952 31.661791904761948 13.5457185714286 0.8666761904762114 133.91378380952384 
128,512,512,512,512
95.2449785714285 24.764659523809353 24.548659999999934 11.671476190476138 1.8819566666666738 3.0479985714284807 65.91475095238057 
256,512,512,512,512
96.0787657142856 15.771827619047727 15.579117619047656 2.5877790476189815 1.9526580952381292 0.9844690476191248 36.87585142857162 
512,512,512,512,512
96.01397333333331 11.89315619047608 11.716969523809508 2.829101428571462 1.9575742857142715 0.8483857142856435 29.24518714285697 
512,512,512,512,32
512,512,512,32
32,512,512,512,512
512,512,512,512,512
512,512,512,32
512,512,512,512
