512,512,512,512,32
95.13014166666682 13.037488333333277 12.894633333333164 3.6427733333333405 2.847670000000029 2.356581666666601 34.77914666666641 
512,512,512,512,64
95.60829333333346 12.201688333333259 12.095471666666738 2.8543749999999637 2.072311666666743 2.1884933333334446 31.412340000000153 
512,512,512,512,128
95.22471333333337 12.625046666666695 12.513160000000012 3.0912016666667235 2.293616666666767 1.8425466666665546 32.36557166666675 
512,512,512,512,256
95.13990500000006 12.215768333333223 12.072308333333378 2.83084499999996 2.2418550000000623 1.1880616666665869 30.548838333333215 
512,512,512,512,512
94.69345166666656 12.254098333333186 12.135218333333372 3.1842933333333043 2.5797266666666294 1.7037566666666073 31.857093333333104 
512,512,512,32,512
94.78223333333327 12.166676666666698 12.030235000000042 3.035249999999936 2.245545000000038 1.6491233333332758 31.12682999999999 
512,512,512,64,512
94.90100833333331 12.156614999999917 12.03226999999974 3.022014999999956 2.0741400000000128 1.6207183333332675 30.90575833333289 
512,512,512,128,512
94.76980666666692 12.45442166666658 12.336358333333251 3.2981866666666546 2.6930583333333558 3.462743333333298 34.24476833333314 
512,512,512,256,512
95.32820666666672 12.074456666666665 11.949210000000038 2.789738333333523 2.0552549999998275 1.3073983333331973 30.176058333333252 
512,512,512,512,512
95.34156166666652 12.407356666666676 12.287303333333409 2.8434033333331774 2.170056666666587 1.9986233333332166 31.706743333333065 
512,512,32,512,512
95.17893166666677 12.679324999999967 12.541566666666665 3.0932116666665936 12.498306666666606 1.4431583333332976 42.25556833333313 
512,512,64,512,512
95.2884099999999 12.460131666666792 12.317605000000198 2.985486666666566 6.675688333333547 1.219785000000029 35.658696666667126 
512,512,128,512,512
95.1090849999999 12.271328333333482 12.15507666666679 3.0638499999999533 4.138228333333179 1.3998816666667273 33.028365000000136 
512,512,256,512,512
95.17443333333335 12.011345000000178 11.839720000000064 2.601871666666775 2.694910000000018 0.5894016666667085 29.737248333333742 
512,512,512,512,512
94.85740000000007 12.046668333333473 11.862580000000033 2.9549549999998694 2.1052533333333914 2.0857333333331014 31.055189999999875 
512,32,512,512,512
94.4309550000001 12.246353333333257 12.077891666666655 21.054988333333466 3.776214999999847 1.6174283333334096 50.77287666666663 
512,64,512,512,512
94.13307833333344 12.149258333333297 11.989033333333264 11.176946666666662 2.0685533333333477 2.093148333333411 39.476939999999985 
512,128,512,512,512
94.07358833333342 12.663946666666646 12.52220833333339 7.51203666666667 2.917171666666831 1.8893566666665478 37.50472000000009 
512,256,512,512,512
94.78693833333332 12.08767833333335 11.943541666666704 4.147749999999948 2.2590016666666455 2.125581666666615 32.56355333333327 
512,512,512,512,512
95.15909499999988 12.306334999999999 12.118443333333222 2.9599833333332874 2.105914999999926 1.4362199999999878 30.926896666666426 
32,512,512,512,512
93.79482000000007 78.86784999999993 78.7452533333333 66.21014500000015 48.56946333333342 13.07140166666682 285.4641133333336 
64,512,512,512,512
93.29486000000009 43.70675999999995 43.544531666666614 31.972558333333392 15.004203333333402 0.8993999999999748 135.1274533333333 
128,512,512,512,512
93.85122333333345 24.69885333333318 24.495464999999957 11.625180000000123 1.9244233333333067 2.6930533333332156 65.43697499999978 
256,512,512,512,512
94.54865666666663 16.10739833333333 15.950651666666715 2.856816666666594 2.1963950000000354 3.240141666666647 40.35140333333332 
512,512,512,512,512
94.39444999999998 12.410234999999895 12.234003333333234 3.1171233333332204 2.7798183333333446 4.219191666666714 34.76037166666641 
