512,512,512,32
155.40293333333335 13.687811666666622 13.665611666666758 12.712918333333368 12.096371666666757 nan 52.1627133333335 
512,512,512,64
154.79398999999992 1.284530000000062 1.2726049999998394 0.4521516666665775 1.0509699999999915 nan 4.06025666666647 
512,512,512,128
157.65667833333336 1.2976516666665885 1.3056000000000192 0.661290000000093 1.3637666666667427 nan 4.628308333333444 
512,512,512,256
157.60345833333315 1.3574716666666427 1.3451699999999862 0.4660783333333892 1.2610133333333882 nan 4.429733333333407 
512,512,512,512
157.23777999999984 1.1568750000001031 1.1486433333334145 0.3485033333334104 0.9300050000000072 nan 3.584026666666935 
512,512,32,512
160.52137166666677 1.1965583333333294 1.1988266666666885 0.4452499999998629 1.9554499999999646 nan 4.796084999999845 
512,512,64,512
160.92714833333338 1.1242816666667506 1.1196033333332038 0.399448333333324 1.9718833333334445 nan 4.615216666666723 
512,512,128,512
158.6683783333333 1.2271399999999935 1.2152383333332728 0.52547333333326 1.5516000000000107 nan 4.519451666666536 
512,512,256,512
159.190765 1.0522666666666616 1.0425066666667164 0.307843333333379 0.849223333333357 nan 3.251840000000114 
512,512,512,512
158.98264833333332 1.2085983333332357 1.2099933333332955 0.37808333333323996 0.9319049999999637 nan 3.7285799999997353 
512,32,512,512
160.0347016666667 1.1280400000000008 1.120799999999981 0.6777349999999326 0.9946433333333576 nan 3.9212183333332726 
512,64,512,512
157.19402500000007 1.1362450000000355 1.1325599999999394 0.7206099999999849 1.0702166666667228 nan 4.059631666666682 
512,128,512,512
158.74487666666667 1.1808883333332716 1.1776316666667055 0.5220666666667422 1.1683916666665695 nan 4.04897833333329 
512,256,512,512
157.6443483333332 1.17676333333325 1.1837516666667398 0.3959733333333618 0.940914999999847 nan 3.697403333333198 
512,512,512,512
156.52205999999995 1.27888999999998 1.279063333333379 0.5952700000000611 1.122023333333418 nan 4.275246666666838 
32,512,512,512
156.7608783333333 10.392876666666634 10.317321666666661 5.624684999999954 2.7000316666666726 nan 29.034914999999927 
64,512,512,512
159.41726166666666 4.768516666666861 4.757418333333317 0.8984833333333034 1.6293166666667094 nan 12.053735000000191 
128,512,512,512
159.78547833333332 2.3361266666667206 2.300260000000065 0.5528550000001209 1.30606500000012 nan 6.495306666667027 
256,512,512,512
158.49722000000003 1.4982983333333082 1.4803583333333399 0.6348133333332894 1.02263999999998 nan 4.636109999999918 
512,512,512,512
160.4067333333334 1.1372849999999743 1.1405683333333339 0.4025733333333482 0.898711666666568 nan 3.579138333333224 
